   0.0000000e+00  -6.6794100e-02
   1.2484121e-02  -1.0673000e-01
   2.4981021e-02  -8.2084400e-02
   3.7486121e-02  -6.6794100e-02
   4.9986121e-02  -1.2222100e-01
   6.2486921e-02  -8.2084400e-02
   7.4985021e-02  -5.3314600e-02
   8.7485121e-02  -9.3451400e-02
   9.9985121e-02  -1.3378900e-02
   1.1249112e-01  -1.0884200e-01
   1.2498512e-01  -9.5463300e-02
   1.3748512e-01  -5.3314600e-02
   1.4998512e-01  -8.2084400e-02
   1.6249212e-01  -6.6794100e-02
   1.7498512e-01  -5.3314600e-02
   1.8748512e-01  -5.5427100e-02
   1.9998512e-01  -4.2048100e-02
   2.1249112e-01  -1.0884200e-01
   2.2498512e-01  -0.0000000e+00
   2.3748512e-01  -4.0136800e-02
   2.4998512e-01  -1.0884200e-01
   2.6249212e-01  -8.0072500e-02
   2.7498512e-01  -6.8705400e-02
   2.8748412e-01  -1.0884200e-01
   2.9998512e-01  -4.2048100e-02
   3.1248712e-01  -6.8705400e-02
   3.2498412e-01  -8.2084400e-02
   3.3748412e-01  -5.5427100e-02
   3.4998412e-01  -9.3451400e-02
   3.6249212e-01  -1.2222100e-01
   3.7498412e-01  -4.0136800e-02
   3.8748512e-01  -1.3560000e-01
   3.9998512e-01  -9.5463300e-02
   4.1249112e-01  -1.3560000e-01
   4.2498412e-01  -6.8705400e-02
   4.3748112e-01  -9.3451400e-02
   4.4998612e-01  -1.2222100e-01
   4.6249112e-01  -1.0884200e-01
   4.7498512e-01  -9.5463300e-02
   4.8748512e-01  -1.3560000e-01
   4.9998512e-01  -1.3560000e-01
   5.1249112e-01  -1.3560000e-01
   5.2498512e-01  -9.3451400e-02
   5.3748512e-01  -1.0673000e-01
   5.4998412e-01  -1.7543500e-01
   5.6248712e-01  -1.0884200e-01
   5.7498412e-01  -5.3314600e-02
   5.8748512e-01  -1.4887800e-01
   5.9998612e-01  -9.3451400e-02
   6.1249112e-01  -9.3451400e-02
   6.2498412e-01  -8.2084400e-02
   6.3748412e-01  -9.5463300e-02
   6.4998612e-01  -1.3560000e-01
   6.6249112e-01  -5.3314600e-02
   6.7498512e-01  -9.3451400e-02
   6.8748512e-01  -1.3560000e-01
   7.0000612e-01  -9.5463300e-02
   7.1248512e-01  -4.2048100e-02
   7.2498412e-01  -8.0072500e-02
   7.3748512e-01  -8.0072500e-02
   7.4998412e-01  -1.6225700e-01
   7.6248712e-01  -8.2084400e-02
   7.7498412e-01  -0.0000000e+00
   7.8748512e-01  -1.0884200e-01
   7.9998512e-01  -5.3314600e-02
   8.1248612e-01  -4.0136800e-02
   8.2498412e-01  -5.5427100e-02
   8.3748512e-01  -4.2048100e-02
   8.4998512e-01  -9.3451400e-02
   8.6249112e-01  -9.5463300e-02
   8.7498512e-01  -5.5427100e-02
   8.8748512e-01  -8.0072500e-02
   8.9998512e-01  -6.6794100e-02
   9.1249212e-01   1.3278400e-02
   9.2498512e-01  -4.2048100e-02
   9.3748512e-01  -6.8705400e-02
   9.4998512e-01  -9.5463300e-02
   9.6249312e-01  -5.5427100e-02
   9.7498512e-01  -2.6858500e-02
   9.8748512e-01  -9.3451400e-02
   9.9998312e-01  -4.0136800e-02
   1.0124931e+00  -2.6858500e-02
   1.0249831e+00  -2.6858500e-02
   1.0374831e+00  -2.6858500e-02
   1.0499831e+00  -8.2084400e-02
   1.0624831e+00  -6.8705400e-02
   1.0749831e+00  -2.8669200e-02
   1.0874831e+00  -1.2020900e-01
   1.0999831e+00  -8.0072500e-02
   1.1124931e+00  -5.3314600e-02
   1.1249831e+00  -5.3314600e-02
   1.1374831e+00  -1.0884200e-01
   1.1499831e+00  -4.2048100e-02
   1.1624931e+00  -9.5463300e-02
   1.1749831e+00  -2.6858500e-02
   1.1874831e+00  -1.4887800e-01
   1.1999831e+00  -8.0072500e-02
   1.2124931e+00  -8.0072500e-02
   1.2249831e+00  -5.3314600e-02
   1.2374831e+00  -4.2048100e-02
   1.2499831e+00  -6.6794100e-02
   1.2624931e+00  -6.8705400e-02
   1.2749831e+00  -1.5390800e-02
   1.2874831e+00  -9.5463300e-02
   1.2999831e+00  -5.5427100e-02
   1.3124831e+00  -5.5427100e-02
   1.3249831e+00  -5.3314600e-02
   1.3374831e+00  -4.0136800e-02
   1.3499831e+00  -2.6858500e-02
   1.3624931e+00  -5.3314600e-02
   1.3749831e+00  -0.0000000e+00
   1.3874831e+00  -8.0072500e-02
   1.3999831e+00  -5.3314600e-02
   1.4124931e+00  -4.0136800e-02
   1.4249831e+00  -4.0136800e-02
   1.4374831e+00  -6.6794100e-02
   1.4499831e+00  -0.0000000e+00
   1.4624931e+00  -8.0072500e-02
   1.4749831e+00  -2.6858500e-02
   1.4874831e+00  -5.3314600e-02
   1.4999831e+00  -1.3378900e-02
   1.5124931e+00   3.9835100e-02
   1.5249831e+00  -1.0884200e-01
   1.5374831e+00  -4.2048100e-02
   1.5499831e+00  -2.8669200e-02
   1.5624831e+00  -8.0072500e-02
   1.5749831e+00  -2.6858500e-02
   1.5874831e+00  -9.5463300e-02
   1.5999831e+00  -5.5427100e-02
   1.6124931e+00  -2.6858500e-02
   1.6249831e+00  -8.0072500e-02
   1.6374831e+00  -9.5463300e-02
   1.6499831e+00  -2.6858500e-02
   1.6624931e+00  -8.0072500e-02
   1.6749831e+00  -1.3378900e-02
   1.6874831e+00  -1.3378900e-02
   1.6999831e+00  -5.3314600e-02
   1.7124931e+00  -0.0000000e+00
   1.7249831e+00  -5.5427100e-02
   1.7374831e+00  -4.0136800e-02
   1.7499831e+00   1.3278400e-02
   1.7624931e+00   1.3278400e-02
   1.7749831e+00   1.3278400e-02
   1.7874831e+00   2.6456100e-02
   1.7999831e+00   8.2084400e-02
   1.8124831e+00   1.3539900e-01
   1.8249831e+00   2.6456100e-02
   1.8374831e+00   1.3539900e-01
   1.8499831e+00   1.7543500e-01
   1.8624931e+00   1.6205600e-01
   1.8749831e+00   2.8427700e-01
   1.8874831e+00   2.7089800e-01
   1.8999831e+00   2.7089800e-01
   1.9124931e+00   3.2431400e-01
   1.9249831e+00   4.0629700e-01
   1.9374831e+00   4.8838200e-01
   1.9499831e+00   5.8183300e-01
   1.9624831e+00   5.8183300e-01
   1.9749831e+00   7.3081200e-01
   1.9874831e+00   7.9770700e-01
   1.9999831e+00   9.4869800e-01
   2.0124931e+00   1.0290700e+00
   2.0249831e+00   1.1379100e+00
   2.0374831e+00   1.1379100e+00
   2.0499831e+00   1.4895900e+00
   2.0624831e+00   1.4093200e+00
   2.0749831e+00   1.7745700e+00
   2.0874831e+00   1.8414700e+00
   2.0999831e+00   2.0866100e+00
   2.1124931e+00   2.3851700e+00
   2.1249831e+00   2.4521700e+00
   2.1374831e+00   2.7510300e+00
   2.1499831e+00   3.0367200e+00
   2.1624931e+00   3.2286500e+00
   2.1749831e+00   3.6886700e+00
   2.1874831e+00   3.7983100e+00
   2.1999831e+00   4.2075300e+00
   2.2124931e+00   4.4535800e+00
   2.2249831e+00   4.9169100e+00
   2.2374831e+00   5.0938600e+00
   2.2499831e+00   5.4770200e+00
   2.2624931e+00   5.9278800e+00
   2.2749831e+00   6.1856000e+00
   2.2874831e+00   6.7041600e+00
   2.2999831e+00   7.0211300e+00
   2.3124831e+00   7.3357900e+00
   2.3249831e+00   8.0493000e+00
   2.3374831e+00   8.1165900e+00
   2.3499831e+00   8.7067800e+00
   2.3624931e+00   9.1464700e+00
   2.3749831e+00   9.3110400e+00
   2.3874831e+00   1.0040400e+01
   2.3999831e+00   1.0164700e+01
   2.4124931e+00   1.0521600e+01
   2.4249831e+00   1.1084400e+01
   2.4374831e+00   1.1212000e+01
   2.4499831e+00   1.1694200e+01
   2.4624931e+00   1.1927200e+01
   2.4749831e+00   1.2257800e+01
   2.4874831e+00   1.2369100e+01
   2.4999831e+00   1.2703200e+01
   2.5124931e+00   1.2892900e+01
   2.5249831e+00   1.2950200e+01
   2.5374831e+00   1.3227400e+01
   2.5499831e+00   1.3102200e+01
   2.5624831e+00   1.3156400e+01
   2.5749831e+00   1.3268000e+01
   2.5874831e+00   1.3007600e+01
   2.5999831e+00   1.3061600e+01
   2.6124931e+00   1.2868800e+01
   2.6249831e+00   1.2700200e+01
   2.6374831e+00   1.2453500e+01
   2.6499831e+00   1.2146600e+01
   2.6624931e+00   1.1778200e+01
   2.6749831e+00   1.1488300e+01
   2.6874831e+00   1.0881600e+01
   2.6999831e+00   1.0510900e+01
   2.7124931e+00   1.0107800e+01
   2.7249831e+00   9.3786400e+00
   2.7374831e+00   9.0223400e+00
   2.7499831e+00   8.4047900e+00
   2.7624931e+00   7.7880500e+00
   2.7749831e+00   7.4732000e+00
   2.7874831e+00   6.6100000e+00
   2.7999831e+00   6.0756500e+00
   2.8124831e+00   5.6247900e+00
   2.8249831e+00   4.9034300e+00
   2.8374831e+00   4.4803400e+00
   2.8499831e+00   3.8653100e+00
   2.8624931e+00   3.2957500e+00
   2.8749831e+00   2.8602800e+00
   2.8874831e+00   2.2760300e+00
   2.8999831e+00   1.7745700e+00
   2.9124931e+00   1.3672700e+00
   2.9249831e+00   9.1982800e-01
   2.9374831e+00   4.1756400e-01
   2.9499831e+00   2.6456100e-02
   2.9624931e+00  -3.9281800e-01
   2.9749831e+00  -7.3000800e-01
   2.9874831e+00  -1.1358000e+00
   2.9999831e+00  -1.4992500e+00
   3.0125131e+00  -1.7675300e+00
   3.0249831e+00  -2.0260600e+00
   3.0374831e+00  -2.3890000e+00
   3.0499831e+00  -2.6319300e+00
   3.0624831e+00  -2.8866300e+00
   3.0749831e+00  -3.1444500e+00
   3.0874831e+00  -3.3986500e+00
   3.0999831e+00  -3.6012500e+00
   3.1124931e+00  -3.8703400e+00
   3.1249831e+00  -4.0847000e+00
   3.1374831e+00  -4.3386000e+00
   3.1499831e+00  -4.6220700e+00
   3.1624931e+00  -4.7283000e+00
   3.1749831e+00  -5.1562300e+00
   3.1874831e+00  -5.3314600e+00
   3.1999831e+00  -5.5070000e+00
   3.2124931e+00  -5.9210400e+00
   3.2249831e+00  -6.1212200e+00
   3.2374831e+00  -6.4023800e+00
   3.2499831e+00  -6.7907700e+00
   3.2624931e+00  -7.0436600e+00
   3.2749831e+00  -7.3376000e+00
   3.2874831e+00  -7.7661300e+00
   3.2999831e+00  -7.9248600e+00
   3.3124831e+00  -8.2725100e+00
   3.3249831e+00  -8.7255900e+00
   3.3374831e+00  -8.7927800e+00
   3.3499831e+00  -9.1519000e+00
   3.3624931e+00  -9.4447300e+00
   3.3749831e+00  -9.4843600e+00
   3.3874831e+00  -9.9627900e+00
   3.3999831e+00  -9.9101800e+00
   3.4124931e+00  -1.0003500e+01
   3.4249831e+00  -1.0389300e+01
   3.4374831e+00  -1.0335500e+01
   3.4499831e+00  -1.0361800e+01
   3.4624931e+00  -1.0575000e+01
   3.4749831e+00  -1.0415700e+01
   3.4874831e+00  -1.0535400e+01
   3.4999831e+00  -1.0508900e+01
   3.5124931e+00  -1.0322300e+01
   3.5249831e+00  -1.0428700e+01
   3.5374831e+00  -1.0282700e+01
   3.5499831e+00  -1.0136500e+01
   3.5624831e+00  -1.0096900e+01
   3.5749831e+00  -1.0003500e+01
   3.5874931e+00  -9.8165200e+00
   3.5999831e+00  -9.7241800e+00
   3.6124931e+00  -9.5513600e+00
   3.6249831e+00  -9.3644600e+00
   3.6374831e+00  -9.2850900e+00
   3.6499831e+00  -9.0449700e+00
   3.6624931e+00  -8.8853300e+00
   3.6749831e+00  -8.8060600e+00
   3.6874831e+00  -8.6582900e+00
   3.6999831e+00  -8.4455300e+00
   3.7124931e+00  -8.2869000e+00
   3.7249831e+00  -8.2327800e+00
   3.7374831e+00  -8.0993900e+00
   3.7499831e+00  -7.8996100e+00
   3.7624931e+00  -7.6458200e+00
   3.7749831e+00  -7.4856700e+00
   3.7874831e+00  -7.3520800e+00
   3.7999831e+00  -7.0051400e+00
   3.8124831e+00  -6.7907700e+00
   3.8249831e+00  -6.5509600e+00
   3.8374831e+00  -6.1889200e+00
   3.8499831e+00  -5.8679200e+00
   3.8624931e+00  -5.4923100e+00
   3.8749831e+00  -5.1443600e+00
   3.8874831e+00  -4.7416800e+00
   3.8999831e+00  -4.3534900e+00
   3.9124931e+00  -3.8836200e+00
   3.9249831e+00  -3.4384900e+00
   3.9374831e+00  -2.9947700e+00
   3.9499831e+00  -2.5219800e+00
   3.9624931e+00  -2.0527100e+00
   3.9749831e+00  -1.6609000e+00
   3.9874831e+00  -1.2290500e+00
   3.9999831e+00  -7.7004400e-01
   4.0124931e+00  -2.8608800e-01
   4.0249831e+00   2.8568600e-02
   4.0374831e+00   6.0869200e-01
   4.0499831e+00   8.9327100e-01
   4.0624831e+00   1.3961400e+00
   4.0749831e+00   1.7745700e+00
   4.0874831e+00   2.1822800e+00
   4.0999831e+00   2.6840400e+00
   4.1124931e+00   3.0789700e+00
   4.1249831e+00   3.4721900e+00
   4.1374831e+00   3.9636900e+00
   4.1499831e+00   4.2902200e+00
   4.1624931e+00   4.8340200e+00
   4.1749831e+00   5.1901300e+00
   4.1874831e+00   5.6541600e+00
   4.1999831e+00   6.1453600e+00
   4.2124931e+00   6.4595200e+00
   4.2249831e+00   7.0615700e+00
   4.2374831e+00   7.4999500e+00
   4.2499831e+00   7.8984100e+00
   4.2624931e+00   8.4614300e+00
   4.2749831e+00   8.7067800e+00
   4.2874831e+00   9.3247200e+00
   4.2999831e+00   9.7377600e+00
   4.3124831e+00   9.9295900e+00
   4.3249831e+00   1.0451100e+01
   4.3374831e+00   1.0619200e+01
   4.3499831e+00   1.0868100e+01
   4.3624931e+00   1.1296100e+01
   4.3749831e+00   1.1333600e+01
   4.3874831e+00   1.1650600e+01
   4.3999831e+00   1.1913500e+01
   4.4124931e+00   1.1886500e+01
   4.4249831e+00   1.2260800e+01
   4.4374831e+00   1.2328500e+01
   4.4499831e+00   1.2412700e+01
   4.4624931e+00   1.2605500e+01
   4.4749831e+00   1.2686700e+01
   4.4874831e+00   1.2618900e+01
   4.4999831e+00   1.2865800e+01
   4.5124931e+00   1.2740800e+01
   4.5249831e+00   1.2646000e+01
   4.5374831e+00   1.2740800e+01
   4.5499831e+00   1.2439900e+01
   4.5624831e+00   1.2315000e+01
   4.5749831e+00   1.2260800e+01
   4.5874831e+00   1.1829300e+01
   4.5999831e+00   1.1872900e+01
   4.6124931e+00   1.1569500e+01
   4.6249831e+00   1.1279500e+01
   4.6374831e+00   1.1100900e+01
   4.6499831e+00   1.0727200e+01
   4.6624931e+00   1.0494600e+01
   4.6749831e+00   1.0302700e+01
   4.6874831e+00   9.8322200e+00
   4.6999831e+00   9.6135300e+00
   4.7124931e+00   9.3247200e+00
   4.7249831e+00   8.7607900e+00
   4.7374831e+00   8.5719800e+00
   4.7499831e+00   8.0760500e+00
   4.7624931e+00   7.5967300e+00
   4.7749831e+00   7.3492700e+00
   4.7874831e+00   6.6370600e+00
   4.7999831e+00   6.3519800e+00
   4.8124831e+00   5.9278800e+00
   4.8249831e+00   5.3671700e+00
   4.8374831e+00   4.8899500e+00
   4.8499831e+00   4.4402000e+00
   4.8624931e+00   3.9905500e+00
   4.8749831e+00   3.5547800e+00
   4.8874831e+00   3.1193100e+00
   4.8999831e+00   2.5748900e+00
   4.9124931e+00   2.2225100e+00
   4.9249831e+00   1.7480100e+00
   4.9374831e+00   1.3271300e+00
   4.9499831e+00   9.2194000e-01
   4.9624931e+00   4.9995000e-01
   4.9749831e+00   1.3338700e-01
   4.9874831e+00  -1.6225700e-01
   4.9999831e+00  -5.9481000e-01
   5.0124931e+00  -9.4547900e-01
   5.0249831e+00  -1.3659600e+00
   5.0374831e+00  -1.7027500e+00
   5.0499831e+00  -2.0925500e+00
   5.0624831e+00  -2.4421100e+00
   5.0749831e+00  -2.7933800e+00
   5.0874831e+00  -3.1028100e+00
   5.0999831e+00  -3.4534800e+00
   5.1124931e+00  -3.8688300e+00
   5.1249831e+00  -4.1377200e+00
   5.1374831e+00  -4.5407900e+00
   5.1499831e+00  -4.8227600e+00
   5.1624931e+00  -5.1443600e+00
   5.1749831e+00  -5.5600100e+00
   5.1874831e+00  -5.8149100e+00
   5.1999831e+00  -6.1227300e+00
   5.2124931e+00  -6.4567000e+00
   5.2249831e+00  -6.7907700e+00
   5.2374831e+00  -7.0172100e+00
   5.2499831e+00  -7.3652600e+00
   5.2624931e+00  -7.6047700e+00
   5.2749831e+00  -7.8323200e+00
   5.2874831e+00  -8.2327800e+00
   5.2999831e+00  -8.2591300e+00
   5.3124831e+00  -8.4335600e+00
   5.3249831e+00  -8.8720500e+00
   5.3374831e+00  -8.7532500e+00
   5.3499831e+00  -9.0449700e+00
   5.3624931e+00  -9.2311700e+00
   5.3749831e+00  -9.1385200e+00
   5.3874831e+00  -9.4975400e+00
   5.3999831e+00  -9.4578100e+00
   5.4124931e+00  -9.4050000e+00
   5.4249831e+00  -9.8309100e+00
   5.4374831e+00  -9.6844400e+00
   5.4499831e+00  -9.7110000e+00
   5.4624931e+00  -1.0003500e+01
   5.4749831e+00  -9.8176300e+00
   5.4874831e+00  -9.9903500e+00
   5.4999831e+00  -1.0043200e+01
   5.5124931e+00  -9.8703400e+00
   5.5250031e+00  -1.0069400e+01
   5.5374831e+00  -9.9770700e+00
   5.5499831e+00  -9.8309100e+00
   5.5624831e+00  -9.9101800e+00
   5.5749831e+00  -9.7770900e+00
   5.5874831e+00  -9.7241800e+00
   5.5999831e+00  -9.6569800e+00
   5.6124931e+00  -9.4447300e+00
   5.6250031e+00  -9.4182700e+00
   5.6374831e+00  -9.2454500e+00
   5.6499831e+00  -9.0593600e+00
   5.6624931e+00  -8.9392500e+00
   5.6749831e+00  -8.7652200e+00
   5.6874831e+00  -8.6319300e+00
   5.6999831e+00  -8.4588100e+00
   5.7124931e+00  -8.1523000e+00
   5.7250031e+00  -8.1655800e+00
   5.7374831e+00  -7.8600800e+00
   5.7499831e+00  -7.5915000e+00
   5.7624931e+00  -7.4844600e+00
   5.7749831e+00  -7.1919400e+00
   5.7874831e+00  -6.9906500e+00
   5.7999831e+00  -6.7097900e+00
   5.8124831e+00  -6.2817700e+00
   5.8250031e+00  -6.1093500e+00
   5.8374831e+00  -5.8134000e+00
   5.8499831e+00  -5.4523700e+00
   5.8624931e+00  -5.1443600e+00
   5.8749831e+00  -4.7150200e+00
   5.8874831e+00  -4.3518800e+00
   5.8999831e+00  -4.0714200e+00
   5.9124931e+00  -3.5599100e+00
   5.9249831e+00  -3.3188800e+00
   5.9374831e+00  -2.8866300e+00
   5.9499831e+00  -2.3890000e+00
   5.9624931e+00  -2.0792700e+00
   5.9749831e+00  -1.5391800e+00
   5.9874831e+00  -1.1624600e+00
   5.9999831e+00  -7.8342300e-01
   6.0124931e+00  -2.4414100e-01
   6.0249831e+00  -0.0000000e+00
   6.0374831e+00   5.5517600e-01
   6.0499831e+00   1.0557300e+00
   6.0624831e+00   1.4073000e+00
   6.0749831e+00   2.0196200e+00
   6.0874831e+00   2.4141400e+00
   6.0999831e+00   2.8335200e+00
   6.1124931e+00   3.4183700e+00
   6.1249831e+00   3.7045600e+00
   6.1374831e+00   4.2880000e+00
   6.1499831e+00   4.7109000e+00
   6.1624931e+00   5.1340900e+00
   6.1749831e+00   5.6406800e+00
   6.1874831e+00   6.1050200e+00
   6.1999831e+00   6.5292300e+00
   6.2124931e+00   6.9648000e+00
   6.2249831e+00   7.3762200e+00
   6.2374831e+00   7.7610000e+00
   6.2499831e+00   8.3241200e+00
   6.2624931e+00   8.7473200e+00
   6.2749831e+00   9.0223400e+00
   6.2874831e+00   9.6001500e+00
   6.2999831e+00   9.9295900e+00
   6.3124831e+00   1.0094400e+01
   6.3249831e+00   1.0619200e+01
   6.3374831e+00   1.0797500e+01
   6.3499831e+00   1.1127900e+01
   6.3624931e+00   1.1539400e+01
   6.3749831e+00   1.1512200e+01
   6.3874831e+00   1.1916500e+01
   6.3999831e+00   1.2024700e+01
   6.4124931e+00   1.2122500e+01
   6.4249831e+00   1.2453500e+01
   6.4374831e+00   1.2494000e+01
   6.4499831e+00   1.2561700e+01
   6.4624931e+00   1.2700200e+01
   6.4749831e+00   1.2771100e+01
   6.4874831e+00   1.2814800e+01
   6.4999831e+00   1.2923000e+01
   6.5124931e+00   1.2838700e+01
   6.5249831e+00   1.2784500e+01
   6.5374831e+00   1.2814800e+01
   6.5499831e+00   1.2659500e+01
   6.5624831e+00   1.2602500e+01
   6.5749831e+00   1.2591800e+01
   6.5874831e+00   1.2260800e+01
   6.5999831e+00   1.2176700e+01
   6.6124831e+00   1.1970600e+01
   6.6249831e+00   1.1569500e+01
   6.6374831e+00   1.1485300e+01
   6.6499831e+00   1.1141400e+01
   6.6624931e+00   1.0754200e+01
   6.6749831e+00   1.0602800e+01
   6.6874831e+00   1.0094400e+01
   6.6999831e+00   9.8459000e+00
   6.7124931e+00   9.6270100e+00
   6.7249831e+00   9.0089600e+00
   6.7374831e+00   8.7903700e+00
   6.7499831e+00   8.2943400e+00
   6.7624831e+00   7.7451000e+00
   6.7749831e+00   7.4865800e+00
   6.7874831e+00   6.8975000e+00
   6.7999831e+00   6.4731000e+00
   6.8124831e+00   6.1586400e+00
   6.8249831e+00   5.4076100e+00
   6.8374831e+00   5.0402400e+00
   6.8499831e+00   4.6841400e+00
   6.8624931e+00   4.0844000e+00
   6.8749831e+00   3.7580800e+00
   6.8874831e+00   3.2554100e+00
   6.8999831e+00   2.8201400e+00
   6.9124931e+00   2.4810400e+00
   6.9249831e+00   1.9638900e+00
   6.9374831e+00   1.5852500e+00
   6.9499831e+00   1.2468600e+00
   6.9624931e+00   8.3784400e-01
   6.9749831e+00   4.4643400e-01
   6.9874831e+00   6.8604800e-02
   6.9999831e+00  -3.7943900e-01
   7.0124931e+00  -6.7679400e-01
   7.0249831e+00  -1.2157700e+00
   7.0374831e+00  -1.4725900e+00
   7.0499831e+00  -1.9310900e+00
   7.0624831e+00  -2.2940400e+00
   7.0749831e+00  -2.6586900e+00
   7.0874831e+00  -3.0762500e+00
   7.0999831e+00  -3.3570100e+00
   7.1124931e+00  -3.7609900e+00
   7.1249831e+00  -4.1229300e+00
   7.1374831e+00  -4.4050900e+00
   7.1499831e+00  -4.8610800e+00
   7.1624931e+00  -4.9422600e+00
   7.1749831e+00  -5.4790300e+00
   7.1874831e+00  -5.6941000e+00
   7.1999831e+00  -5.8945800e+00
   7.2124931e+00  -6.3096300e+00
   7.2249831e+00  -6.5230900e+00
   7.2374831e+00  -6.6965100e+00
   7.2499831e+00  -7.0978800e+00
   7.2624931e+00  -7.1919400e+00
   7.2749831e+00  -7.4182700e+00
   7.2874831e+00  -7.7517400e+00
   7.2999831e+00  -7.7925800e+00
   7.3124831e+00  -8.0584500e+00
   7.3249831e+00  -8.3794400e+00
   7.3374831e+00  -8.3121500e+00
   7.3499831e+00  -8.6053800e+00
   7.3624931e+00  -8.7915800e+00
   7.3749831e+00  -8.7386600e+00
   7.3874831e+00  -9.1651800e+00
   7.3999831e+00  -9.2972600e+00
   7.4124931e+00  -9.1385200e+00
   7.4249831e+00  -9.6041700e+00
   7.4374831e+00  -9.4975400e+00
   7.4499831e+00  -9.5513600e+00
   7.4624931e+00  -9.7901700e+00
   7.4749831e+00  -9.6439100e+00
   7.4874831e+00  -9.7504300e+00
   7.4999831e+00  -9.7770900e+00
   7.5124931e+00  -9.6439100e+00
   7.5249831e+00  -9.7781000e+00
   7.5374831e+00  -9.6702600e+00
   7.5499831e+00  -9.5646400e+00
   7.5624831e+00  -9.5118300e+00
   7.5749831e+00  -9.4843600e+00
   7.5874831e+00  -9.3247200e+00
   7.5999831e+00  -9.2323800e+00
   7.6124931e+00  -9.1385200e+00
   7.6249831e+00  -8.9921600e+00
   7.6374831e+00  -8.9658000e+00
   7.6499831e+00  -8.7386600e+00
   7.6624931e+00  -8.5393900e+00
   7.6749831e+00  -8.5790200e+00
   7.6874831e+00  -8.3386000e+00
   7.6999831e+00  -8.1523000e+00
   7.7124931e+00  -8.0055400e+00
   7.7249831e+00  -7.8864400e+00
   7.7374831e+00  -7.6987300e+00
   7.7499831e+00  -7.4447300e+00
   7.7624931e+00  -7.1640700e+00
   7.7749831e+00  -6.9244600e+00
   7.7874831e+00  -6.7112000e+00
   7.7999831e+00  -6.3492700e+00
   7.8124831e+00  -6.0682100e+00
   7.8249831e+00  -5.8266800e+00
   7.8374831e+00  -5.5055900e+00
   7.8499831e+00  -5.1973700e+00
   7.8624931e+00  -4.8360400e+00
   7.8749831e+00  -4.5940100e+00
   7.8874831e+00  -4.2589300e+00
   7.8999831e+00  -3.8836200e+00
   7.9124931e+00  -3.5731800e+00
   7.9249831e+00  -3.3304500e+00
   7.9374831e+00  -3.1028100e+00
   7.9499831e+00  -2.7401700e+00
   7.9624931e+00  -2.3490600e+00
   7.9749831e+00  -2.0925500e+00
   7.9874831e+00  -1.8226500e+00
   7.9999831e+00  -1.5259000e+00
   8.0124931e+00  -1.1491800e+00
   8.0249831e+00  -8.9206400e-01
   8.0374831e+00  -5.5487400e-01
   8.0499831e+00  -3.1093500e-01
   8.0624831e+00   5.5225900e-02
   8.0749831e+00   2.2875000e-01
   8.0874831e+00   5.6855500e-01
   8.0999831e+00   8.2647700e-01
   8.1124931e+00   1.0710200e+00
   8.1249831e+00   1.3939300e+00
   8.1375031e+00   1.6675400e+00
   8.1499831e+00   1.8549500e+00
   8.1624931e+00   2.0330000e+00
   8.1749831e+00   2.2070200e+00
   8.1874831e+00   2.3160700e+00
   8.1999831e+00   2.5080000e+00
   8.2124931e+00   2.5881700e+00
   8.2249831e+00   2.6954000e+00
   8.2374831e+00   2.8335200e+00
   8.2499831e+00   2.8871400e+00
   8.2624931e+00   2.9832000e+00
   8.2749831e+00   2.9563400e+00
   8.2874831e+00   2.9429700e+00
   8.2999831e+00   2.9429700e+00
   8.3124831e+00   2.9027300e+00
   8.3249831e+00   2.8736600e+00
   8.3374831e+00   2.8602800e+00
   8.3499831e+00   2.7242800e+00
   8.3624931e+00   2.6706600e+00
   8.3749831e+00   2.4654500e+00
   8.3874831e+00   2.3295500e+00
   8.3999831e+00   2.2358900e+00
   8.4124931e+00   1.9929600e+00
   8.4249831e+00   1.8549500e+00
   8.4374831e+00   1.6789100e+00
   8.4499831e+00   1.5029700e+00
   8.4624931e+00   1.3807500e+00
   8.4749831e+00   1.1512900e+00
   8.4874831e+00   9.6006500e-01
   8.4999831e+00   7.8634000e-01
   8.5124931e+00   6.0869200e-01
   8.5249831e+00   4.1756400e-01
   8.5374831e+00   3.2622500e-01
   8.5499831e+00   2.1537100e-01
   8.5624831e+00   3.9835100e-02
   8.5749831e+00  -5.5427100e-02
   8.5874831e+00  -2.1557200e-01
   8.5999831e+00  -2.8427700e-01
   8.6124931e+00  -4.1947500e-01
   8.6249831e+00  -5.0145900e-01
   8.6374831e+00  -5.5487400e-01
   8.6499831e+00  -6.3675700e-01
   8.6624931e+00  -6.7679400e-01
   8.6749831e+00  -7.0345100e-01
   8.6874831e+00  -7.7004400e-01
   8.6999831e+00  -7.4338700e-01
   8.7124931e+00  -7.5676500e-01
   8.7249831e+00  -7.4338700e-01
   8.7374831e+00  -6.0808800e-01
   8.7499831e+00  -6.8826100e-01
   8.7624931e+00  -5.2811600e-01
   8.7749831e+00  -4.3285400e-01
   8.7874831e+00  -3.9100700e-01
   8.7999831e+00  -2.2895100e-01
   8.8124831e+00  -1.3560000e-01
   8.8249831e+00   1.3278400e-02
   8.8374831e+00   1.6205600e-01
   8.8499831e+00   3.5097100e-01
   8.8624931e+00   4.4643400e-01
   8.8749831e+00   5.3988600e-01
   8.8874831e+00   5.9531300e-01
   8.8999831e+00   7.1763500e-01
   8.9124931e+00   7.8634000e-01
   8.9249831e+00   8.6651300e-01
   8.9374831e+00   9.7545600e-01
   8.9499831e+00   9.1982800e-01
   8.9624931e+00   9.8682300e-01
   8.9749831e+00   1.0022100e+00
   8.9874831e+00   9.1982800e-01
   8.9999831e+00   9.7344400e-01
   9.0124931e+00   8.3985600e-01
   9.0249831e+00   8.1309800e-01
   9.0374831e+00   7.5757000e-01
   9.0499831e+00   6.3545000e-01
   9.0624831e+00   5.6855500e-01
   9.0749831e+00   4.7319200e-01
   9.0874831e+00   3.6435000e-01
   9.0999831e+00   2.1537100e-01
   9.1124931e+00   1.2000800e-01
   9.1249831e+00  -5.3314600e-02
   9.1374831e+00  -1.7543500e-01
   9.1499831e+00  -2.8427700e-01
   9.1624931e+00  -3.9281800e-01
   9.1749831e+00  -5.0145900e-01
   9.1874831e+00  -6.8826100e-01
   9.1999831e+00  -7.1693000e-01
   9.2124931e+00  -7.9670100e-01
   9.2249831e+00  -9.4547900e-01
   9.2374831e+00  -9.3210000e-01
   9.2499831e+00  -1.0273600e+00
   9.2624931e+00  -1.0824900e+00
   9.2749831e+00  -1.0938500e+00
   9.2874831e+00  -1.1491800e+00
   9.2999831e+00  -1.1491800e+00
   9.3124831e+00  -1.0540200e+00
   9.3249831e+00  -1.1072300e+00
   9.3374831e+00  -1.0139800e+00
   9.3499831e+00  -9.8531400e-01
   9.3624931e+00  -8.9206400e-01
   9.3749831e+00  -7.8342300e-01
   9.3874831e+00  -7.5676500e-01
   9.3999831e+00  -6.6160400e-01
   9.4124931e+00  -4.7480200e-01
   9.4249831e+00  -5.2811600e-01
   9.4374831e+00  -4.1947500e-01
   9.4499831e+00  -3.3759200e-01
   9.4624931e+00  -2.5560800e-01
   9.4749831e+00  -2.1557200e-01
   9.4874831e+00  -2.1557200e-01
   9.4999831e+00  -1.7543500e-01
   9.5124931e+00  -1.6225700e-01
   9.5249831e+00  -1.9072500e-01
   9.5374831e+00  -2.1748300e-01
   9.5499831e+00  -2.3086200e-01
   9.5624831e+00  -3.6435000e-01
   9.5749831e+00  -3.9281800e-01
   9.5874831e+00  -5.1302700e-01
   9.5999831e+00  -5.1302700e-01
   9.6124931e+00  -5.4139500e-01
   9.6249831e+00  -6.9017200e-01
   9.6374831e+00  -6.4822500e-01
   9.6499931e+00  -6.4822500e-01
   9.6624831e+00  -7.4338700e-01
   9.6749831e+00  -7.3212000e-01
   9.6874831e+00  -7.8543500e-01
   9.6999831e+00  -7.4338700e-01
   9.7124931e+00  -6.0808800e-01
   9.7249831e+00  -6.3484600e-01
   9.7374831e+00  -5.2811600e-01
   9.7499831e+00  -4.7480200e-01
   9.7624931e+00  -3.7943900e-01
   9.7749831e+00  -2.5560800e-01
   9.7874831e+00  -2.0229400e-01
   9.7999831e+00  -2.6858500e-02
   9.8124831e+00   7.9971900e-02
   9.8249831e+00   6.6592900e-02
   9.8374831e+00   2.4424100e-01
   9.8499831e+00   3.5097100e-01
   9.8624931e+00   3.5288200e-01
   9.8749831e+00   4.1967600e-01
   9.8874831e+00   4.1756400e-01
   9.8999831e+00   5.6855500e-01
   9.9124931e+00   5.2861900e-01
   9.9249831e+00   4.7319200e-01
   9.9374831e+00   4.9995000e-01
   9.9499831e+00   5.4179700e-01
   9.9624931e+00   5.8183300e-01
   9.9749831e+00   5.3988600e-01
   9.9874831e+00   5.4179700e-01
   9.9999431e+00   5.6855500e-01
   1.0012443e+01   7.0224400e-01
   1.0024943e+01   6.7749800e-01
   1.0037443e+01   7.4419100e-01
   1.0049943e+01   8.6651300e-01
   1.0062443e+01   8.7788000e-01
   1.0074943e+01   9.4869800e-01
   1.0087443e+01   1.0557300e+00
   1.0099943e+01   1.1245400e+00
   1.0112443e+01   1.2735100e+00
   1.0124943e+01   1.2848800e+00
   1.0137443e+01   1.3827600e+00
   1.0149943e+01   1.5318400e+00
   1.0162443e+01   1.5163500e+00
   1.0174943e+01   1.6252900e+00
   1.0187443e+01   1.6675400e+00
   1.0199943e+01   1.6675400e+00
   1.0212443e+01   1.7611900e+00
   1.0224943e+01   1.7324200e+00
   1.0237443e+01   1.7879500e+00
   1.0249943e+01   1.8549500e+00
   1.0262443e+01   1.8703400e+00
   1.0274943e+01   1.8549500e+00
   1.0287443e+01   1.8949800e+00
   1.0299943e+01   1.8703400e+00
   1.0312443e+01   1.9239500e+00
   1.0324943e+01   1.8167200e+00
   1.0337443e+01   1.8817000e+00
   1.0349943e+01   1.9506100e+00
   1.0362443e+01   1.8414700e+00
   1.0374943e+01   1.8971900e+00
   1.0387443e+01   1.9506100e+00
   1.0399943e+01   1.9239500e+00
   1.0412443e+01   1.8703400e+00
   1.0424943e+01   1.8435800e+00
   1.0437443e+01   1.8837200e+00
   1.0449943e+01   1.9239500e+00
   1.0462443e+01   1.8971900e+00
   1.0474943e+01   1.9506100e+00
   1.0487443e+01   1.9907500e+00
   1.0499943e+01   1.9105700e+00
   1.0512443e+01   1.9929600e+00
   1.0524943e+01   1.9638900e+00
   1.0537443e+01   2.0041300e+00
   1.0549943e+01   2.0866100e+00
   1.0562443e+01   2.0463800e+00
   1.0574943e+01   2.0866100e+00
   1.0587443e+01   2.1399300e+00
   1.0599943e+01   2.0732300e+00
   1.0612443e+01   2.1132700e+00
   1.0624943e+01   2.1556200e+00
   1.0637443e+01   2.1132700e+00
   1.0649943e+01   2.2358900e+00
   1.0662443e+01   2.2493700e+00
   1.0674943e+01   2.1956600e+00
   1.0687443e+01   2.3050000e+00
   1.0699943e+01   2.2647600e+00
   1.0712443e+01   2.3718000e+00
   1.0724943e+01   2.3851700e+00
   1.0737443e+01   2.4006700e+00
   1.0750043e+01   2.5211800e+00
   1.0762443e+01   2.5769100e+00
   1.0774943e+01   2.6171400e+00
   1.0787443e+01   2.7109000e+00
   1.0799943e+01   2.6974200e+00
   1.0812443e+01   2.8068600e+00
   1.0824943e+01   2.8871400e+00
   1.0837443e+01   2.8736600e+00
   1.0850043e+01   2.9429700e+00
   1.0862443e+01   2.9697200e+00
   1.0874943e+01   3.0367200e+00
   1.0887443e+01   3.0232400e+00
   1.0899943e+01   3.0634800e+00
   1.0912443e+01   3.1057300e+00
   1.0924943e+01   3.1615600e+00
   1.0937443e+01   3.1461600e+00
   1.0949943e+01   3.2264400e+00
   1.0962443e+01   3.2554100e+00
   1.0974943e+01   3.2153700e+00
   1.0987443e+01   3.2957500e+00
   1.0999943e+01   3.2844800e+00
   1.1012443e+01   3.3246200e+00
   1.1024943e+01   3.3091300e+00
   1.1037443e+01   3.2957500e+00
   1.1049943e+01   3.3358800e+00
   1.1062443e+01   3.2533000e+00
   1.1074943e+01   3.1750300e+00
   1.1087443e+01   3.1996800e+00
   1.1099943e+01   3.0923500e+00
   1.1112443e+01   3.0522100e+00
   1.1124943e+01   3.0232400e+00
   1.1137443e+01   2.9006200e+00
   1.1149943e+01   2.9027300e+00
   1.1162443e+01   2.8335200e+00
   1.1174943e+01   2.6572800e+00
   1.1187443e+01   2.6572800e+00
   1.1199943e+01   2.5345600e+00
   1.1212443e+01   2.5748900e+00
   1.1224943e+01   2.4387900e+00
   1.1237443e+01   2.3182800e+00
   1.1249943e+01   2.3050000e+00
   1.1262443e+01   2.3160700e+00
   1.1274943e+01   2.0998900e+00
   1.1287443e+01   2.0597500e+00
   1.1299943e+01   1.9638900e+00
   1.1312443e+01   1.9506100e+00
   1.1324943e+01   1.8817000e+00
   1.1337443e+01   1.6387700e+00
   1.1349943e+01   1.7212600e+00
   1.1362443e+01   1.6387700e+00
   1.1374943e+01   1.5452200e+00
   1.1387443e+01   1.5431100e+00
   1.1399943e+01   1.3827600e+00
   1.1412443e+01   1.3559000e+00
   1.1424943e+01   1.3116400e+00
   1.1437443e+01   1.1780500e+00
   1.1449943e+01   1.1646700e+00
   1.1462443e+01   1.1224200e+00
   1.1474943e+01   9.6207700e-01
   1.1487443e+01   9.3531900e-01
   1.1499943e+01   7.9770700e-01
   1.1512443e+01   7.5757000e-01
   1.1524943e+01   7.3081200e-01
   1.1537443e+01   5.9531300e-01
   1.1549943e+01   5.9531300e-01
   1.1562443e+01   5.2650700e-01
   1.1574943e+01   4.1967600e-01
   1.1587443e+01   4.7319200e-01
   1.1599943e+01   3.7954000e-01
   1.1612443e+01   3.3759200e-01
   1.1624943e+01   3.1093500e-01
   1.1637443e+01   2.7089800e-01
   1.1649943e+01   2.4212900e-01
   1.1662443e+01   2.2875000e-01
   1.1674943e+01   1.2000800e-01
   1.1687443e+01   1.4867700e-01
   1.1699943e+01   1.7543500e-01
   1.1712443e+01   9.3350800e-02
   1.1724943e+01   2.6456100e-02
   1.1737443e+01  -0.0000000e+00
   1.1749943e+01  -0.0000000e+00
   1.1762443e+01   1.3278400e-02
   1.1774943e+01  -1.0884200e-01
   1.1787443e+01  -8.0072500e-02
   1.1799943e+01  -1.0884200e-01
   1.1812443e+01  -1.7734600e-01
   1.1824943e+01  -2.0229400e-01
   1.1837443e+01  -2.8427700e-01
   1.1849943e+01  -3.2431400e-01
   1.1862443e+01  -2.7079800e-01
   1.1874943e+01  -3.2431400e-01
   1.1887443e+01  -3.2602400e-01
   1.1899943e+01  -3.3940300e-01
   1.1912443e+01  -3.3759200e-01
   1.1924943e+01  -2.9765600e-01
   1.1937443e+01  -3.9100700e-01
   1.1949943e+01  -3.5278200e-01
   1.1962443e+01  -2.5752000e-01
   1.1974943e+01  -3.5107200e-01
   1.1987443e+01  -3.1093500e-01
   1.1999943e+01  -2.3086200e-01
   1.2012443e+01  -2.5752000e-01
   1.2024943e+01  -2.8427700e-01
   1.2037443e+01  -3.1284600e-01
   1.2049943e+01  -2.5752000e-01
   1.2062443e+01  -2.5752000e-01
   1.2074943e+01  -2.9765600e-01
   1.2087443e+01  -2.8427700e-01
   1.2099943e+01  -2.4414100e-01
   1.2112443e+01  -2.9765600e-01
   1.2124943e+01  -3.1093500e-01
   1.2137443e+01  -3.7772900e-01
   1.2149943e+01  -2.8427700e-01
   1.2162443e+01  -3.6435000e-01
   1.2174943e+01  -4.1947500e-01
   1.2187443e+01  -3.7943900e-01
   1.2199943e+01  -3.9100700e-01
   1.2212443e+01  -3.7943900e-01
   1.2224943e+01  -4.4623300e-01
   1.2237443e+01  -4.8626900e-01
   1.2249943e+01  -5.2630600e-01
   1.2262443e+01  -5.1483800e-01
   1.2274943e+01  -6.0808800e-01
   1.2287443e+01  -6.4822500e-01
   1.2299943e+01  -6.2146700e-01
   1.2312443e+01  -7.3000800e-01
   1.2324943e+01  -8.1219200e-01
   1.2337443e+01  -8.5202800e-01
   1.2349943e+01  -9.0544300e-01
   1.2362443e+01  -8.6540700e-01
   1.2374943e+01  -1.0273600e+00
   1.2387443e+01  -1.0386300e+00
   1.2399943e+01  -1.0139800e+00
   1.2412443e+01  -1.1090400e+00
   1.2424943e+01  -1.1338900e+00
   1.2437443e+01  -1.1758400e+00
   1.2449943e+01  -1.2709000e+00
   1.2462443e+01  -1.2425300e+00
   1.2474943e+01  -1.3242100e+00
   1.2487443e+01  -1.3775300e+00
   1.2499943e+01  -1.3792400e+00
   1.2512443e+01  -1.4459300e+00
   1.2524943e+01  -1.5276100e+00
   1.2537443e+01  -1.4192700e+00
   1.2549943e+01  -1.5143400e+00
   1.2562443e+01  -1.4575000e+00
   1.2574943e+01  -1.5259000e+00
   1.2587443e+01  -1.4858700e+00
   1.2599943e+01  -1.5525600e+00
   1.2612443e+01  -1.5276100e+00
   1.2624943e+01  -1.5943100e+00
   1.2637443e+01  -1.4992500e+00
   1.2649943e+01  -1.5676500e+00
   1.2662443e+01  -1.4992500e+00
   1.2674943e+01  -1.5259000e+00
   1.2687443e+01  -1.4992500e+00
   1.2699943e+01  -1.4575000e+00
   1.2712443e+01  -1.4325500e+00
   1.2724943e+01  -1.4041900e+00
   1.2737443e+01  -1.3108300e+00
   1.2749943e+01  -1.3508700e+00
   1.2762443e+01  -1.2824700e+00
   1.2774943e+01  -1.2175800e+00
   1.2787443e+01  -1.2157700e+00
   1.2799943e+01  -1.1206100e+00
   1.2812443e+01  -1.1358000e+00
   1.2824943e+01  -1.0007000e+00
   1.2837443e+01  -8.7868500e-01
   1.2849943e+01  -8.7868500e-01
   1.2862443e+01  -7.3000800e-01
   1.2874943e+01  -6.6160400e-01
   1.2887443e+01  -6.5013600e-01
   1.2899943e+01  -4.8818100e-01
   1.2912443e+01  -4.0619700e-01
   1.2924943e+01  -3.5107200e-01
   1.2937443e+01  -1.8881400e-01
   1.2949943e+01  -1.3560000e-01
   1.2962443e+01   1.3278400e-02
   1.2974943e+01   8.2084400e-02
   1.2987443e+01   1.2000800e-01
   1.2999943e+01   2.8216500e-01
   1.3012443e+01   2.7089800e-01
   1.3024943e+01   3.2431400e-01
   1.3037443e+01   4.8657100e-01
   1.3049943e+01   4.1967600e-01
   1.3062443e+01   4.9995000e-01
   1.3074943e+01   5.3988600e-01
   1.3087443e+01   4.8838200e-01
   1.3099943e+01   5.6855500e-01
   1.3112443e+01   5.1332900e-01
   1.3124943e+01   4.1967600e-01
   1.3137443e+01   4.7319200e-01
   1.3149943e+01   3.3759200e-01
   1.3162443e+01   2.5550800e-01
   1.3174943e+01   1.6205600e-01
   1.3187443e+01   6.6592900e-02
   1.3199943e+01  -1.3378900e-02
   1.3212443e+01  -1.4887800e-01
   1.3224943e+01  -3.5107200e-01
   1.3237443e+01  -3.9281800e-01
   1.3249943e+01  -5.4139500e-01
   1.3262543e+01  -6.6160400e-01
   1.3274943e+01  -7.9881400e-01
   1.3287443e+01  -9.8531400e-01
   1.3299943e+01  -1.0824900e+00
   1.3312443e+01  -1.1358000e+00
   1.3324943e+01  -1.3926200e+00
   1.3337443e+01  -1.4060000e+00
   1.3349943e+01  -1.5792200e+00
   1.3362543e+01  -1.5525600e+00
   1.3374943e+01  -1.5810300e+00
   1.3387443e+01  -1.7142200e+00
   1.3399943e+01  -1.7541500e+00
   1.3412443e+01  -1.7426800e+00
   1.3424943e+01  -1.7827200e+00
   1.3437443e+01  -1.7960000e+00
   1.3449943e+01  -1.7960000e+00
   1.3462443e+01  -1.6894700e+00
   1.3474943e+01  -1.6761900e+00
   1.3487443e+01  -1.6075900e+00
   1.3499943e+01  -1.5943100e+00
   1.3512443e+01  -1.4592100e+00
   1.3524943e+01  -1.4592100e+00
   1.3537443e+01  -1.3242100e+00
   1.3549943e+01  -1.2841800e+00
   1.3562443e+01  -1.1338900e+00
   1.3574943e+01  -1.1224200e+00
   1.3587443e+01  -1.0406400e+00
   1.3599943e+01  -9.9869300e-01
   1.3612443e+01  -8.5202800e-01
   1.3624943e+01  -8.5011600e-01
   1.3637443e+01  -7.9881400e-01
   1.3649943e+01  -8.5202800e-01
   1.3662443e+01  -7.7205600e-01
   1.3674943e+01  -8.1219200e-01
   1.3687443e+01  -8.1018100e-01
   1.3699943e+01  -8.3683800e-01
   1.3712443e+01  -8.6540700e-01
   1.3724943e+01  -1.0805800e+00
   1.3737443e+01  -1.1206100e+00
   1.3749943e+01  -1.2025000e+00
   1.3762443e+01  -1.2974600e+00
   1.3774943e+01  -1.3775300e+00
   1.3787443e+01  -1.4725900e+00
   1.3799943e+01  -1.5276100e+00
   1.3812443e+01  -1.5408900e+00
   1.3824943e+01  -1.6609000e+00
   1.3837443e+01  -1.7426800e+00
   1.3849943e+01  -1.7408700e+00
   1.3862443e+01  -1.7675300e+00
   1.3874943e+01  -1.8093800e+00
   1.3887443e+01  -1.8359300e+00
   1.3899943e+01  -1.7694400e+00
   1.3912443e+01  -1.7675300e+00
   1.3924943e+01  -1.7426800e+00
   1.3937443e+01  -1.6075900e+00
   1.3949943e+01  -1.4858700e+00
   1.3962543e+01  -1.4858700e+00
   1.3974943e+01  -1.3641500e+00
   1.3987443e+01  -1.2841800e+00
   1.3999943e+01  -1.1358000e+00
   1.4012443e+01  -1.0007000e+00
   1.4024943e+01  -9.3391100e-01
   1.4037443e+01  -7.8342300e-01
   1.4049943e+01  -6.6160400e-01
   1.4062443e+01  -5.8153100e-01
   1.4074943e+01  -5.2811600e-01
   1.4087443e+01  -4.4623300e-01
   1.4099943e+01  -3.7943900e-01
   1.4112443e+01  -3.3940300e-01
   1.4124943e+01  -3.5107200e-01
   1.4137443e+01  -2.5560800e-01
   1.4149943e+01  -2.1748300e-01
   1.4162443e+01  -2.2895100e-01
   1.4174943e+01  -2.5752000e-01
   1.4187443e+01  -3.2431400e-01
   1.4199943e+01  -3.5107200e-01
   1.4212443e+01  -3.7772900e-01
   1.4224943e+01  -4.4623300e-01
   1.4237443e+01  -4.4623300e-01
   1.4249943e+01  -4.4623300e-01
   1.4262443e+01  -5.9481000e-01
   1.4274943e+01  -6.4822500e-01
   1.4287443e+01  -6.3484600e-01
   1.4299943e+01  -6.2146700e-01
   1.4312443e+01  -6.2146700e-01
   1.4324943e+01  -6.6160400e-01
   1.4337443e+01  -6.4822500e-01
   1.4349943e+01  -5.9481000e-01
   1.4362443e+01  -6.9017200e-01
   1.4374943e+01  -6.0808800e-01
   1.4387443e+01  -5.6815200e-01
   1.4399943e+01  -6.7679400e-01
   1.4412443e+01  -5.5487400e-01
   1.4424943e+01  -6.4822500e-01
   1.4437443e+01  -5.5487400e-01
   1.4449943e+01  -4.8626900e-01
   1.4462443e+01  -6.0808800e-01
   1.4474943e+01  -6.3675700e-01
   1.4487443e+01  -5.6815200e-01
   1.4499943e+01  -6.6160400e-01
   1.4512443e+01  -7.1491800e-01
   1.4524943e+01  -8.2547100e-01
   1.4537443e+01  -8.7868500e-01
   1.4549943e+01  -9.2063200e-01
   1.4562443e+01  -1.0273600e+00
   1.4574943e+01  -1.1491800e+00
   1.4587443e+01  -1.2025000e+00
   1.4599943e+01  -1.3641500e+00
   1.4612443e+01  -1.4592100e+00
   1.4624943e+01  -1.6075900e+00
   1.4637443e+01  -1.7142200e+00
   1.4649943e+01  -1.7694400e+00
   1.4662443e+01  -1.9043400e+00
   1.4674943e+01  -1.9310900e+00
   1.4687443e+01  -1.9577500e+00
   1.4699943e+01  -2.0393300e+00
   1.4712443e+01  -2.0393300e+00
   1.4724943e+01  -1.9976900e+00
   1.4737443e+01  -1.9043400e+00
   1.4749943e+01  -1.8644000e+00
   1.4762443e+01  -1.8093800e+00
   1.4774943e+01  -1.7294000e+00
   1.4787443e+01  -1.5408900e+00
   1.4799943e+01  -1.5009600e+00
   1.4812443e+01  -1.2442400e+00
   1.4824943e+01  -1.2290500e+00
   1.4837443e+01  -1.0805800e+00
   1.4849943e+01  -8.7868500e-01
   1.4862443e+01  -8.2547100e-01
   1.4874943e+01  -6.7679400e-01
   1.4887443e+01  -5.9481000e-01
   1.4899943e+01  -5.6815200e-01
   1.4912443e+01  -4.8626900e-01
   1.4924943e+01  -3.7943900e-01
   1.4937443e+01  -4.3285400e-01
   1.4949943e+01  -3.5278200e-01
   1.4962443e+01  -3.3759200e-01
   1.4974943e+01  -3.9281800e-01
   1.4987443e+01  -4.4623300e-01
   1.4999943e+01  -5.4139500e-01
   1.5012443e+01  -5.9481000e-01
   1.5024943e+01  -6.8826100e-01
   1.5037443e+01  -7.5877700e-01
   1.5049943e+01  -8.1219200e-01
   1.5062443e+01  -8.9206400e-01
   1.5074943e+01  -9.5875700e-01
   1.5087443e+01  -9.9869300e-01
   1.5099943e+01  -1.0406400e+00
   1.5112443e+01  -9.9869300e-01
   1.5124943e+01  -9.7404800e-01
   1.5137443e+01  -1.0540200e+00
   1.5149943e+01  -9.4547900e-01
   1.5162443e+01  -9.2063200e-01
   1.5174943e+01  -8.6540700e-01
   1.5187443e+01  -7.1693000e-01
   1.5199943e+01  -7.3000800e-01
   1.5212443e+01  -6.3484600e-01
   1.5224943e+01  -5.1483800e-01
   1.5237443e+01  -4.4623300e-01
   1.5249943e+01  -4.0619700e-01
   1.5262443e+01  -3.5107200e-01
   1.5274943e+01  -3.6435000e-01
   1.5287443e+01  -2.9765600e-01
   1.5299943e+01  -3.1093500e-01
   1.5312443e+01  -4.4623300e-01
   1.5324943e+01  -4.5961200e-01
   1.5337443e+01  -6.0808800e-01
   1.5349943e+01  -7.1693000e-01
   1.5362443e+01  -8.6540700e-01
   1.5374943e+01  -1.0273600e+00
   1.5387443e+01  -1.2025000e+00
   1.5399943e+01  -1.4308400e+00
   1.5412443e+01  -1.5676500e+00
   1.5424943e+01  -1.7960000e+00
   1.5437443e+01  -1.9177200e+00
   1.5449943e+01  -2.0260600e+00
   1.5462443e+01  -2.2274400e+00
   1.5474943e+01  -2.3090200e+00
   1.5487443e+01  -2.3890000e+00
   1.5499943e+01  -2.4954200e+00
   1.5512443e+01  -2.4705800e+00
   1.5524943e+01  -2.5104100e+00
   1.5537443e+01  -2.4705800e+00
   1.5549943e+01  -2.4022800e+00
   1.5562443e+01  -2.3224000e+00
   1.5575043e+01  -2.2691900e+00
   1.5587443e+01  -2.0925500e+00
   1.5599943e+01  -2.0109700e+00
   1.5612443e+01  -1.8226500e+00
   1.5624943e+01  -1.6495300e+00
   1.5637443e+01  -1.5658400e+00
   1.5649943e+01  -1.3508700e+00
   1.5662443e+01  -1.2442400e+00
   1.5674943e+01  -1.1909300e+00
   1.5687443e+01  -1.0139800e+00
   1.5699943e+01  -9.9869300e-01
   1.5712443e+01  -9.9869300e-01
   1.5724943e+01  -9.0544300e-01
   1.5737443e+01  -9.0544300e-01
   1.5749943e+01  -9.4547900e-01
   1.5762443e+01  -9.4547900e-01
   1.5774943e+01  -1.0805800e+00
   1.5787443e+01  -1.1072300e+00
   1.5799943e+01  -1.2442400e+00
   1.5812443e+01  -1.3641500e+00
   1.5824943e+01  -1.4725900e+00
   1.5837443e+01  -1.6058800e+00
   1.5849943e+01  -1.5926000e+00
   1.5862443e+01  -1.6742800e+00
   1.5874943e+01  -1.8359300e+00
   1.5887443e+01  -1.8493100e+00
   1.5899943e+01  -1.8359300e+00
   1.5912443e+01  -1.9843100e+00
   1.5924943e+01  -1.9177200e+00
   1.5937443e+01  -1.9843100e+00
   1.5949943e+01  -2.0109700e+00
   1.5962443e+01  -2.0527100e+00
   1.5974943e+01  -2.0659900e+00
   1.5987443e+01  -2.0659900e+00
   1.5999943e+01  -2.0659900e+00
   1.6012443e+01  -2.1458600e+00
   1.6024943e+01  -2.1609500e+00
   1.6037443e+01  -2.2274400e+00
   1.6049943e+01  -2.3356800e+00
   1.6062443e+01  -2.4022800e+00
   1.6074943e+01  -2.5503500e+00
   1.6087443e+01  -2.5255000e+00
   1.6099943e+01  -2.5770100e+00
   1.6112443e+01  -2.6985200e+00
   1.6124943e+01  -2.7001300e+00
   1.6137443e+01  -2.7534500e+00
   1.6149943e+01  -2.7119000e+00
   1.6162443e+01  -2.6586900e+00
   1.6174943e+01  -2.6586900e+00
   1.6187443e+01  -2.5237900e+00
   1.6199943e+01  -2.2940400e+00
   1.6212443e+01  -2.1858000e+00
   1.6224943e+01  -1.9461800e+00
   1.6237443e+01  -1.7426800e+00
   1.6249943e+01  -1.4858700e+00
   1.6262443e+01  -1.2025000e+00
   1.6274943e+01  -9.9869300e-01
   1.6287443e+01  -6.7488200e-01
   1.6299943e+01  -3.3759200e-01
   1.6312443e+01  -2.3086200e-01
   1.6324943e+01   4.1947500e-02
   1.6337443e+01   8.2084400e-02
   1.6349943e+01   2.8427700e-01
   1.6362443e+01   2.5550800e-01
   1.6374943e+01   2.2875000e-01
   1.6387443e+01   2.3076200e-01
   1.6399943e+01   1.0874200e-01
   1.6412443e+01  -1.0884200e-01
   1.6424943e+01  -2.9765600e-01
   1.6437443e+01  -5.5487400e-01
   1.6449943e+01  -8.2547100e-01
   1.6462443e+01  -1.0938500e+00
   1.6474943e+01  -1.4442200e+00
   1.6487443e+01  -1.6475200e+00
   1.6499943e+01  -1.9310900e+00
   1.6512443e+01  -2.0944600e+00
   1.6524943e+01  -2.2691900e+00
   1.6537443e+01  -2.3623400e+00
   1.6549943e+01  -2.4554900e+00
   1.6562443e+01  -2.4022800e+00
   1.6574943e+01  -2.3756200e+00
   1.6587443e+01  -2.2141600e+00
   1.6599943e+01  -1.9994000e+00
   1.6612443e+01  -1.8377400e+00
   1.6624943e+01  -1.5408900e+00
   1.6637443e+01  -1.2425300e+00
   1.6649943e+01  -9.7404800e-01
   1.6662443e+01  -6.7679400e-01
   1.6674943e+01  -4.4623300e-01
   1.6687443e+01  -1.2222100e-01
   1.6699943e+01   9.3350800e-02
   1.6712443e+01   1.8881400e-01
   1.6724943e+01   2.5550800e-01
   1.6737443e+01   3.5097100e-01
   1.6749943e+01   3.3759200e-01
   1.6762443e+01   2.3076200e-01
   1.6774943e+01   1.3539900e-01
   1.6787443e+01   2.6456100e-02
   1.6799943e+01  -5.3314600e-02
   1.6812443e+01  -2.2895100e-01
   1.6824943e+01  -3.5278200e-01
   1.6837443e+01  -4.8626900e-01
   1.6849943e+01  -5.8153100e-01
   1.6862443e+01  -6.3484600e-01
   1.6874943e+01  -6.5013600e-01
   1.6887443e+01  -5.9481000e-01
   1.6899943e+01  -5.2811600e-01
   1.6912443e+01  -4.9964800e-01
   1.6924943e+01  -3.5107200e-01
   1.6937443e+01  -1.3560000e-01
   1.6949943e+01   2.8568600e-02
   1.6962443e+01   2.3076200e-01
   1.6974943e+01   4.8657100e-01
   1.6987443e+01   6.4882900e-01
   1.6999943e+01   8.1309800e-01
   1.7012443e+01   9.1982800e-01
   1.7024943e+01   1.0557300e+00
   1.7037443e+01   1.1646700e+00
   1.7049943e+01   1.2049100e+00
   1.7062443e+01   1.1379100e+00
   1.7074943e+01   1.0956700e+00
   1.7087443e+01   9.7545600e-01
   1.7099943e+01   7.9971900e-01
   1.7112443e+01   5.6855500e-01
   1.7124943e+01   4.4643400e-01
   1.7137443e+01   3.3759200e-01
   1.7149943e+01   1.4676600e-01
   1.7162443e+01   6.8604800e-02
   1.7174943e+01   6.6592900e-02
   1.7187443e+01  -1.5390800e-02
   1.7199943e+01   2.6456100e-02
   1.7212443e+01  -1.3378900e-02
   1.7224943e+01   1.3539900e-01
   1.7237443e+01   3.6626100e-01
   1.7249943e+01   3.7772900e-01
   1.7262443e+01   5.7992200e-01
   1.7274943e+01   8.1309800e-01
   1.7287443e+01   9.3320700e-01
   1.7299943e+01   1.2180900e+00
   1.7312443e+01   1.2334800e+00
   1.7324943e+01   1.4093200e+00
   1.7337443e+01   1.5029700e+00
   1.7349943e+01   1.5698600e+00
   1.7362443e+01   1.5852500e+00
   1.7374943e+01   1.5163500e+00
   1.7387443e+01   1.4493500e+00
   1.7399943e+01   1.3693800e+00
   1.7412443e+01   1.2049100e+00
   1.7424943e+01   1.0423500e+00
   1.7437443e+01   9.7545600e-01
   1.7449943e+01   7.9770700e-01
   1.7462443e+01   6.2207100e-01
   1.7474943e+01   5.2861900e-01
   1.7487443e+01   4.3305500e-01
   1.7499943e+01   4.4643400e-01
   1.7512443e+01   3.6435000e-01
   1.7524943e+01   3.2622500e-01
   1.7537443e+01   4.0629700e-01
   1.7549943e+01   4.1967600e-01
   1.7562443e+01   5.5517600e-01
   1.7574943e+01   6.3545000e-01
   1.7587443e+01   7.0425600e-01
   1.7599943e+01   8.1108600e-01
   1.7612443e+01   9.4869800e-01
   1.7624943e+01   9.4668600e-01
   1.7637443e+01   1.1512900e+00
   1.7649943e+01   1.1626600e+00
   1.7662443e+01   1.1780500e+00
   1.7674943e+01   1.3116400e+00
   1.7687443e+01   1.2448500e+00
   1.7699943e+01   1.2735100e+00
   1.7712443e+01   1.3137500e+00
   1.7724943e+01   1.2581200e+00
   1.7737443e+01   1.2869900e+00
   1.7749943e+01   1.2448500e+00
   1.7762443e+01   1.2314700e+00
   1.7774943e+01   1.2982600e+00
   1.7787443e+01   1.1512900e+00
   1.7799943e+01   1.3271300e+00
   1.7812443e+01   1.3807500e+00
   1.7824943e+01   1.4073000e+00
   1.7837443e+01   1.5183600e+00
   1.7849943e+01   1.4895900e+00
   1.7862443e+01   1.5832400e+00
   1.7874943e+01   1.6655300e+00
   1.7887443e+01   1.5986300e+00
   1.7899943e+01   1.6922900e+00
   1.7912443e+01   1.6922900e+00
   1.7924943e+01   1.5564800e+00
   1.7937443e+01   1.5852500e+00
   1.7949943e+01   1.5163500e+00
   1.7962443e+01   1.3939300e+00
   1.7974943e+01   1.3405100e+00
   1.7987443e+01   1.2069200e+00
   1.7999943e+01   1.2049100e+00
   1.8012443e+01   1.0536200e+00
   1.8024943e+01   9.4668600e-01
   1.8037443e+01   9.4668600e-01
   1.8049943e+01   8.7989200e-01
   1.8062443e+01   7.8634000e-01
   1.8074943e+01   8.3985600e-01
   1.8087543e+01   8.5122300e-01
   1.8099943e+01   8.2446500e-01
   1.8112443e+01   8.3985600e-01
   1.8124943e+01   8.6651300e-01
   1.8137443e+01   1.0155900e+00
   1.8149943e+01   1.1358000e+00
   1.8162443e+01   1.1379100e+00
   1.8174943e+01   1.1780500e+00
   1.8187443e+01   1.2715000e+00
   1.8199943e+01   1.3538900e+00
   1.8212443e+01   1.3405100e+00
   1.8224943e+01   1.3003700e+00
   1.8237443e+01   1.3672700e+00
   1.8249943e+01   1.3538900e+00
   1.8262443e+01   1.1780500e+00
   1.8274943e+01   1.2049100e+00
   1.8287443e+01   1.0956700e+00
   1.8299943e+01   1.0557300e+00
   1.8312443e+01   1.0710200e+00
   1.8324943e+01   1.0155900e+00
   1.8337443e+01   1.0956700e+00
   1.8349943e+01   1.1512900e+00
   1.8362443e+01   1.1491800e+00
   1.8374943e+01   1.2869900e+00
   1.8387443e+01   1.3672700e+00
   1.8399943e+01   1.5318400e+00
   1.8412443e+01   1.7591800e+00
   1.8424943e+01   1.8549500e+00
   1.8437443e+01   2.1267500e+00
   1.8449943e+01   2.3450400e+00
   1.8462443e+01   2.3564000e+00
   1.8474943e+01   2.5501500e+00
   1.8487443e+01   2.6974200e+00
   1.8499943e+01   2.6840400e+00
   1.8512443e+01   2.7109000e+00
   1.8524943e+01   2.5881700e+00
   1.8537443e+01   2.5748900e+00
   1.8549943e+01   2.3986500e+00
   1.8562443e+01   2.2894100e+00
   1.8574943e+01   2.0463800e+00
   1.8587443e+01   1.8683200e+00
   1.8599943e+01   1.5297300e+00
   1.8612443e+01   1.3405100e+00
   1.8624943e+01   1.0822900e+00
   1.8637443e+01   9.1982800e-01
   1.8649943e+01   7.5968300e-01
   1.8662443e+01   5.6664400e-01
   1.8674943e+01   4.8657100e-01
   1.8687443e+01   4.3305500e-01
   1.8699943e+01   3.9100700e-01
   1.8712443e+01   3.9291800e-01
   1.8724943e+01   4.3305500e-01
   1.8737443e+01   5.8183300e-01
   1.8749943e+01   7.1562300e-01
   1.8762443e+01   8.1108600e-01
   1.8774943e+01   1.0290700e+00
   1.8787443e+01   1.2848800e+00
   1.8799943e+01   1.4628300e+00
   1.8812443e+01   1.6120100e+00
   1.8824943e+01   1.6675400e+00
   1.8837443e+01   1.8549500e+00
   1.8849943e+01   2.0866100e+00
   1.8862443e+01   2.0597500e+00
   1.8874943e+01   2.2493700e+00
   1.8887443e+01   2.3160700e+00
   1.8899943e+01   2.2627500e+00
   1.8912443e+01   2.3584200e+00
   1.8924943e+01   2.3026900e+00
   1.8937443e+01   2.3429200e+00
   1.8949943e+01   2.4275200e+00
   1.8962443e+01   2.3295500e+00
   1.8974943e+01   2.3182800e+00
   1.8987443e+01   2.2493700e+00
   1.8999943e+01   2.1534100e+00
   1.9012443e+01   2.0866100e+00
   1.9024943e+01   1.9506100e+00
   1.9037443e+01   1.9506100e+00
   1.9049943e+01   1.9506100e+00
   1.9062443e+01   1.8435800e+00
   1.9074943e+01   1.7745700e+00
   1.9087443e+01   1.7745700e+00
   1.9099943e+01   1.7076800e+00
   1.9112443e+01   1.6521500e+00
   1.9124943e+01   1.6252900e+00
   1.9137443e+01   1.4875800e+00
   1.9149943e+01   1.4493500e+00
   1.9162443e+01   1.3137500e+00
   1.9174943e+01   1.2715000e+00
   1.9187443e+01   1.2314700e+00
   1.9199943e+01   1.0576400e+00
   1.9212443e+01   1.0290700e+00
   1.9224943e+01   9.4668600e-01
   1.9237443e+01   8.5313400e-01
   1.9249943e+01   8.3985600e-01
   1.9262443e+01   7.3081200e-01
   1.9274943e+01   7.5757000e-01
   1.9287443e+01   7.8432800e-01
   1.9299943e+01   7.5757000e-01
   1.9312443e+01   7.5968300e-01
   1.9324943e+01   9.1982800e-01
   1.9337443e+01   1.0155900e+00
   1.9349943e+01   1.1780500e+00
   1.9362443e+01   1.2468600e+00
   1.9374943e+01   1.3807500e+00
   1.9387443e+01   1.5852500e+00
   1.9399943e+01   1.6943000e+00
   1.9412443e+01   1.8414700e+00
   1.9424943e+01   1.9372300e+00
   1.9437443e+01   2.0309800e+00
   1.9449943e+01   2.1267500e+00
   1.9462443e+01   2.0597500e+00
   1.9474943e+01   2.0597500e+00
   1.9487443e+01   2.0866100e+00
   1.9499943e+01   1.9239500e+00
   1.9512443e+01   1.7879500e+00
   1.9524943e+01   1.6922900e+00
   1.9537443e+01   1.4093200e+00
   1.9549943e+01   1.2735100e+00
   1.9562443e+01   9.7344400e-01
   1.9574943e+01   7.5757000e-01
   1.9587443e+01   6.0869200e-01
   1.9599943e+01   3.9100700e-01
   1.9612443e+01   1.7543500e-01
   1.9624943e+01   1.3338700e-01
   1.9637443e+01   3.9835100e-02
   1.9649943e+01   6.6592900e-02
   1.9662443e+01   1.3278400e-02
   1.9674943e+01   1.3278400e-02
   1.9687443e+01   1.0673000e-01
   1.9699943e+01   1.3539900e-01
   1.9712443e+01   2.2875000e-01
   1.9724943e+01   4.0629700e-01
   1.9737443e+01   4.1967600e-01
   1.9749943e+01   6.0869200e-01
   1.9762443e+01   6.3746100e-01
   1.9774943e+01   7.4419100e-01
   1.9787443e+01   7.4419100e-01
   1.9799943e+01   7.4419100e-01
   1.9812443e+01   7.7105000e-01
   1.9824943e+01   8.5313400e-01
   1.9837443e+01   6.7558600e-01
   1.9849943e+01   6.7749800e-01
   1.9862443e+01   5.5517600e-01
   1.9874943e+01   4.4643400e-01
   1.9887443e+01   2.9765600e-01
   1.9899943e+01   1.7543500e-01
   1.9912443e+01   2.6456100e-02
   1.9924943e+01  -9.3451400e-02
   1.9937443e+01  -2.4414100e-01
   1.9949943e+01  -2.7079800e-01
   1.9962443e+01  -3.7943900e-01
   1.9974943e+01  -4.7299100e-01
   1.9987443e+01  -5.0145900e-01
   1.9999943e+01  -5.4139500e-01
   2.0012443e+01  -5.2630600e-01
   2.0024943e+01  -4.4623300e-01
   2.0037443e+01  -4.7480200e-01
   2.0049943e+01  -3.3759200e-01
   2.0062443e+01  -3.9100700e-01
   2.0074943e+01  -4.0619700e-01
   2.0087443e+01  -2.8427700e-01
   2.0099943e+01  -2.9765600e-01
   2.0112443e+01  -3.2602400e-01
   2.0124943e+01  -3.2431400e-01
   2.0137443e+01  -4.5961200e-01
   2.0149943e+01  -4.8626900e-01
   2.0162443e+01  -6.0808800e-01
   2.0174943e+01  -7.9670100e-01
   2.0187443e+01  -8.5202800e-01
   2.0199943e+01  -1.0386300e+00
   2.0212443e+01  -1.2025000e+00
   2.0224943e+01  -1.2974600e+00
   2.0237443e+01  -1.4992500e+00
   2.0249943e+01  -1.5259000e+00
   2.0262443e+01  -1.6742800e+00
   2.0274943e+01  -1.8093800e+00
   2.0287443e+01  -1.7827200e+00
   2.0299943e+01  -1.7426800e+00
   2.0312443e+01  -1.8909600e+00
   2.0324943e+01  -1.7960000e+00
   2.0337443e+01  -1.8243700e+00
   2.0349943e+01  -1.7294000e+00
   2.0362443e+01  -1.6342400e+00
   2.0374943e+01  -1.6209600e+00
   2.0387443e+01  -1.4725900e+00
   2.0400043e+01  -1.3508700e+00
   2.0412443e+01  -1.3641500e+00
   2.0424943e+01  -1.2559100e+00
   2.0437443e+01  -1.2425300e+00
   2.0449943e+01  -1.1758400e+00
   2.0462443e+01  -1.1491800e+00
   2.0474943e+01  -1.2157700e+00
   2.0487443e+01  -1.1891200e+00
   2.0499943e+01  -1.1358000e+00
   2.0512443e+01  -1.2025000e+00
   2.0524943e+01  -1.2309600e+00
   2.0537443e+01  -1.3641500e+00
   2.0549943e+01  -1.3792400e+00
   2.0562443e+01  -1.4459300e+00
   2.0574943e+01  -1.4992500e+00
   2.0587443e+01  -1.5943100e+00
   2.0599943e+01  -1.5658400e+00
   2.0612443e+01  -1.6875600e+00
   2.0624943e+01  -1.6628100e+00
   2.0637443e+01  -1.7694400e+00
   2.0649943e+01  -1.7827200e+00
   2.0662443e+01  -1.8093800e+00
   2.0674943e+01  -1.7960000e+00
   2.0687443e+01  -1.8110900e+00
   2.0699943e+01  -1.6894700e+00
   2.0712443e+01  -1.7294000e+00
   2.0724943e+01  -1.6609000e+00
   2.0737443e+01  -1.5810300e+00
   2.0749943e+01  -1.5943100e+00
   2.0762443e+01  -1.5810300e+00
   2.0774943e+01  -1.6075900e+00
   2.0787443e+01  -1.5810300e+00
   2.0799943e+01  -1.5126300e+00
   2.0812443e+01  -1.5943100e+00
   2.0824943e+01  -1.5810300e+00
   2.0837443e+01  -1.5810300e+00
   2.0849943e+01  -1.6209600e+00
   2.0862443e+01  -1.6609000e+00
   2.0874943e+01  -1.7694400e+00
   2.0887443e+01  -1.7560600e+00
   2.0899943e+01  -1.7027500e+00
   2.0912443e+01  -1.8093800e+00
   2.0924943e+01  -1.8226500e+00
   2.0937443e+01  -1.7694400e+00
   2.0949943e+01  -1.8377400e+00
   2.0962443e+01  -1.8226500e+00
   2.0974943e+01  -1.8359300e+00
   2.0987443e+01  -1.7294000e+00
   2.0999943e+01  -1.7009400e+00
   2.1012443e+01  -1.7560600e+00
   2.1024943e+01  -1.7009400e+00
   2.1037443e+01  -1.6875600e+00
   2.1049943e+01  -1.6609000e+00
   2.1062443e+01  -1.5542700e+00
   2.1074943e+01  -1.5143400e+00
   2.1087443e+01  -1.4041900e+00
   2.1099943e+01  -1.3393000e+00
   2.1112443e+01  -1.3375900e+00
   2.1124943e+01  -1.2575200e+00
   2.1137443e+01  -1.1758400e+00
   2.1149943e+01  -1.1624600e+00
   2.1162443e+01  -1.1338900e+00
   2.1174943e+01  -1.0805800e+00
   2.1187443e+01  -1.1758400e+00
   2.1199943e+01  -1.2157700e+00
   2.1212443e+01  -1.2841800e+00
   2.1224943e+01  -1.3508700e+00
   2.1237443e+01  -1.4459300e+00
   2.1249943e+01  -1.5276100e+00
   2.1262443e+01  -1.5943100e+00
   2.1274943e+01  -1.6495300e+00
   2.1287443e+01  -1.7694400e+00
   2.1299943e+01  -1.8892500e+00
   2.1312443e+01  -2.0109700e+00
   2.1324943e+01  -1.9860200e+00
   2.1337443e+01  -1.9594600e+00
   2.1349943e+01  -1.9860200e+00
   2.1362443e+01  -1.9710300e+00
   2.1374943e+01  -1.8493100e+00
   2.1387443e+01  -1.8493100e+00
   2.1399943e+01  -1.6875600e+00
   2.1412443e+01  -1.6628100e+00
   2.1424943e+01  -1.4041900e+00
   2.1437443e+01  -1.1891200e+00
   2.1449943e+01  -1.1090400e+00
   2.1462443e+01  -1.0139800e+00
   2.1474943e+01  -8.9206400e-01
   2.1487443e+01  -8.2547100e-01
   2.1499943e+01  -7.1693000e-01
   2.1512443e+01  -7.9670100e-01
   2.1524943e+01  -6.9017200e-01
   2.1537443e+01  -7.0154000e-01
   2.1549943e+01  -7.8342300e-01
   2.1562443e+01  -8.2547100e-01
   2.1574943e+01  -9.3210000e-01
   2.1587443e+01  -1.0558300e+00
   2.1599943e+01  -1.1758400e+00
   2.1612443e+01  -1.2691900e+00
   2.1624943e+01  -1.3792400e+00
   2.1637443e+01  -1.3775300e+00
   2.1649943e+01  -1.5525600e+00
   2.1662443e+01  -1.5943100e+00
   2.1674943e+01  -1.5259000e+00
   2.1687443e+01  -1.6342400e+00
   2.1699943e+01  -1.5408900e+00
   2.1712443e+01  -1.4459300e+00
   2.1724943e+01  -1.3508700e+00
   2.1737443e+01  -1.2175800e+00
   2.1749943e+01  -1.1358000e+00
   2.1762443e+01  -9.4729000e-01
   2.1774943e+01  -7.4338700e-01
   2.1787443e+01  -6.2347900e-01
   2.1799943e+01  -4.8626900e-01
   2.1812443e+01  -4.0428600e-01
   2.1824943e+01  -3.7943900e-01
   2.1837443e+01  -2.6888700e-01
   2.1849943e+01  -3.2431400e-01
   2.1862443e+01  -3.1093500e-01
   2.1874943e+01  -3.3759200e-01
   2.1887443e+01  -4.8626900e-01
   2.1899943e+01  -5.9481000e-01
   2.1912443e+01  -7.1491800e-01
   2.1924943e+01  -8.9206400e-01
   2.1937443e+01  -1.0674000e+00
   2.1949943e+01  -1.2425300e+00
   2.1962443e+01  -1.3926200e+00
   2.1974943e+01  -1.4858700e+00
   2.1987443e+01  -1.5943100e+00
   2.1999943e+01  -1.6342400e+00
   2.2012443e+01  -1.6761900e+00
   2.2024943e+01  -1.7294000e+00
   2.2037443e+01  -1.6742800e+00
   2.2049943e+01  -1.6609000e+00
   2.2062443e+01  -1.6342400e+00
   2.2074943e+01  -1.4041900e+00
   2.2087443e+01  -1.3508700e+00
   2.2099943e+01  -1.2157700e+00
   2.2112443e+01  -1.1090400e+00
   2.2124943e+01  -1.0007000e+00
   2.2137443e+01  -8.2345900e-01
   2.2149943e+01  -7.7004400e-01
   2.2162443e+01  -6.6341500e-01
   2.2174943e+01  -5.8153100e-01
   2.2187443e+01  -5.5487400e-01
   2.2199943e+01  -4.9964800e-01
   2.2212443e+01  -5.5487400e-01
   2.2224943e+01  -6.2347900e-01
   2.2237443e+01  -6.3484600e-01
   2.2249943e+01  -6.3484600e-01
   2.2262443e+01  -7.5877700e-01
   2.2274943e+01  -8.1018100e-01
   2.2287443e+01  -9.0544300e-01
   2.2299943e+01  -9.5875700e-01
   2.2312443e+01  -1.0273600e+00
   2.2324943e+01  -1.0674000e+00
   2.2337443e+01  -1.0558300e+00
   2.2349943e+01  -1.0938500e+00
   2.2362443e+01  -1.1338900e+00
   2.2374943e+01  -1.1072300e+00
   2.2387443e+01  -1.1338900e+00
   2.2399943e+01  -1.1072300e+00
   2.2412443e+01  -1.1206100e+00
   2.2424943e+01  -1.1090400e+00
   2.2437443e+01  -1.0674000e+00
   2.2449943e+01  -1.0273600e+00
   2.2462443e+01  -1.0273600e+00
   2.2474943e+01  -9.8742700e-01
   2.2487443e+01  -1.0273600e+00
   2.2499943e+01  -9.8742700e-01
   2.2512543e+01  -9.7404800e-01
   2.2524943e+01  -1.0273600e+00
   2.2537443e+01  -9.7203600e-01
   2.2549943e+01  -9.6066900e-01
   2.2562443e+01  -9.8742700e-01
   2.2574943e+01  -1.0273600e+00
   2.2587443e+01  -1.0406400e+00
   2.2599943e+01  -9.7203600e-01
   2.2612543e+01  -9.7404800e-01
   2.2624943e+01  -9.5875700e-01
   2.2637443e+01  -8.7868500e-01
   2.2649943e+01  -8.2345900e-01
   2.2662443e+01  -8.6349500e-01
   2.2674943e+01  -7.8543500e-01
   2.2687443e+01  -7.8543500e-01
   2.2699943e+01  -7.1693000e-01
   2.2712443e+01  -6.7679400e-01
   2.2724943e+01  -7.5505500e-01
   2.2737443e+01  -7.1693000e-01
   2.2749943e+01  -7.1693000e-01
   2.2762443e+01  -7.8342300e-01
   2.2774943e+01  -8.1219200e-01
   2.2787443e+01  -8.1018100e-01
   2.2799943e+01  -9.4547900e-01
   2.2812443e+01  -9.3210000e-01
   2.2824943e+01  -9.9869300e-01
   2.2837443e+01  -9.7404800e-01
   2.2849943e+01  -1.0139800e+00
   2.2862443e+01  -1.0139800e+00
   2.2874943e+01  -9.3391100e-01
   2.2887443e+01  -8.3683800e-01
   2.2899943e+01  -8.3864900e-01
   2.2912443e+01  -7.1693000e-01
   2.2924943e+01  -7.0154000e-01
   2.2937443e+01  -5.4139500e-01
   2.2949943e+01  -4.1947500e-01
   2.2962443e+01  -3.2431400e-01
   2.2974943e+01  -2.8427700e-01
   2.2987443e+01  -2.0229400e-01
   2.2999943e+01  -1.8881400e-01
   2.3012443e+01  -2.3086200e-01
   2.3024943e+01  -2.4414100e-01
   2.3037443e+01  -2.9765600e-01
   2.3049943e+01  -3.9281800e-01
   2.3062443e+01  -5.0145900e-01
   2.3074943e+01  -5.7972100e-01
   2.3087443e+01  -7.0345100e-01
   2.3099943e+01  -8.6540700e-01
   2.3112443e+01  -9.3391100e-01
   2.3124943e+01  -1.0674000e+00
   2.3137443e+01  -1.0938500e+00
   2.3149943e+01  -1.1224200e+00
   2.3162443e+01  -1.2157700e+00
   2.3174943e+01  -1.0938500e+00
   2.3187443e+01  -1.0558300e+00
   2.3199943e+01  -1.0119700e+00
   2.3212443e+01  -9.1872100e-01
   2.3224943e+01  -7.4338700e-01
   2.3237443e+01  -5.5487400e-01
   2.3249943e+01  -3.2431400e-01
   2.3262443e+01  -2.3086200e-01
   2.3274943e+01  -8.2084400e-02
   2.3287443e+01   5.3214000e-02
   2.3299943e+01   3.9835100e-02
   2.3312443e+01   1.2212100e-01
   2.3324943e+01   1.7543500e-01
   2.3337443e+01   9.3350800e-02
   2.3349943e+01   2.6456100e-02
   2.3362443e+01  -9.5463300e-02
   2.3374943e+01  -1.3560000e-01
   2.3387443e+01  -2.7079800e-01
   2.3399943e+01  -4.1947500e-01
   2.3412443e+01  -5.4139500e-01
   2.3424943e+01  -6.3484600e-01
   2.3437443e+01  -7.3000800e-01
   2.3449943e+01  -7.5676500e-01
   2.3462443e+01  -8.7868500e-01
   2.3474943e+01  -8.3864900e-01
   2.3487443e+01  -8.7868500e-01
   2.3499943e+01  -8.6540700e-01
   2.3512443e+01  -8.3864900e-01
   2.3524943e+01  -6.8826100e-01
   2.3537443e+01  -7.4167600e-01
   2.3549943e+01  -5.3968500e-01
   2.3562443e+01  -5.5306300e-01
   2.3574943e+01  -4.5961200e-01
   2.3587443e+01  -4.0428600e-01
   2.3599943e+01  -3.5278200e-01
   2.3612443e+01  -3.7943900e-01
   2.3624943e+01  -3.6616100e-01
   2.3637443e+01  -4.1947500e-01
   2.3649943e+01  -5.2811600e-01
   2.3662443e+01  -6.3484600e-01
   2.3674943e+01  -7.3000800e-01
   2.3687443e+01  -7.1693000e-01
   2.3699943e+01  -8.3864900e-01
   2.3712443e+01  -9.9869300e-01
   2.3724943e+01  -9.7203600e-01
   2.3737443e+01  -1.0139800e+00
   2.3749943e+01  -1.0273600e+00
   2.3762443e+01  -1.1206100e+00
   2.3774943e+01  -1.1624600e+00
   2.3787443e+01  -1.0273600e+00
   2.3799943e+01  -9.7203600e-01
   2.3812443e+01  -8.5202800e-01
   2.3824943e+01  -7.4338700e-01
   2.3837443e+01  -6.7679400e-01
   2.3849943e+01  -5.1302700e-01
   2.3862443e+01  -3.6616100e-01
   2.3874943e+01  -2.5752000e-01
   2.3887443e+01  -1.3560000e-01
   2.3899943e+01  -5.3314600e-02
   2.3912443e+01   1.3278400e-02
   2.3924943e+01   1.0673000e-01
   2.3937443e+01   9.5362700e-02
   2.3949943e+01   1.6205600e-01
   2.3962443e+01   1.6205600e-01
   2.3974943e+01   9.5362700e-02
   2.3987443e+01   1.2000800e-01
   2.3999943e+01   8.2084400e-02
   2.4012443e+01   6.6592900e-02
   2.4024943e+01  -1.5390800e-02
   2.4037443e+01  -1.6225700e-01
   2.4049943e+01  -2.7079800e-01
   2.4062443e+01  -2.9765600e-01
   2.4074943e+01  -4.9964800e-01
   2.4087443e+01  -5.5487400e-01
   2.4099943e+01  -7.0345100e-01
   2.4112443e+01  -7.7205600e-01
   2.4124943e+01  -8.6540700e-01
   2.4137443e+01  -9.8742700e-01
   2.4149943e+01  -9.9869300e-01
   2.4162443e+01  -1.0540200e+00
   2.4174943e+01  -1.0824900e+00
   2.4187443e+01  -1.0406400e+00
   2.4199943e+01  -1.0273600e+00
   2.4212443e+01  -1.0139800e+00
   2.4224943e+01  -9.4547900e-01
   2.4237443e+01  -8.7677400e-01
   2.4249943e+01  -7.4338700e-01
   2.4262443e+01  -6.6341500e-01
   2.4274943e+01  -5.9481000e-01
   2.4287443e+01  -4.0619700e-01
   2.4299943e+01  -3.1093500e-01
   2.4312443e+01  -2.8427700e-01
   2.4324943e+01  -1.3560000e-01
   2.4337443e+01  -9.5463300e-02
   2.4349943e+01  -4.0136800e-02
   2.4362443e+01   3.9835100e-02
   2.4374943e+01   6.6592900e-02
   2.4387443e+01   9.5362700e-02
   2.4399943e+01   1.2212100e-01
   2.4412443e+01   8.2084400e-02
   2.4424943e+01   1.2212100e-01
   2.4437443e+01   1.3278400e-02
   2.4449943e+01   6.8604800e-02
   2.4462443e+01  -4.0136800e-02
   2.4474943e+01  -2.6858500e-02
   2.4487443e+01  -4.2048100e-02
   2.4499943e+01  -8.0072500e-02
   2.4512443e+01  -1.7734600e-01
   2.4524943e+01  -1.4887800e-01
   2.4537443e+01  -2.5752000e-01
   2.4549943e+01  -2.5752000e-01
   2.4562443e+01  -2.8427700e-01
   2.4574943e+01  -2.8427700e-01
   2.4587443e+01  -2.9765600e-01
   2.4599943e+01  -2.5752000e-01
   2.4612443e+01  -3.3759200e-01
   2.4624943e+01  -2.9765600e-01
   2.4637443e+01  -3.1093500e-01
   2.4649943e+01  -2.3086200e-01
   2.4662443e+01  -2.4414100e-01
   2.4674943e+01  -2.4414100e-01
   2.4687443e+01  -1.6396800e-01
   2.4699943e+01  -1.4887800e-01
   2.4712443e+01  -1.7734600e-01
   2.4725043e+01  -8.2084400e-02
   2.4737443e+01  -1.0673000e-01
   2.4749943e+01  -1.3378900e-02
   2.4762443e+01   3.9835100e-02
   2.4774943e+01   3.9835100e-02
   2.4787443e+01   9.3350800e-02
   2.4799943e+01   6.8604800e-02
   2.4812443e+01   6.8604800e-02
   2.4825043e+01   9.3350800e-02
   2.4837443e+01   7.9971900e-02
   2.4849943e+01   1.6205600e-01
   2.4862443e+01   1.3539900e-01
   2.4874943e+01   1.2212100e-01
   2.4887443e+01   1.7543500e-01
   2.4899943e+01   2.4424100e-01
   2.4912443e+01   2.0400400e-01
   2.4924943e+01   3.5097100e-01
   2.4937443e+01   4.1967600e-01
   2.4949943e+01   4.4643400e-01
   2.4962443e+01   5.1524000e-01
   2.4974943e+01   5.4179700e-01
   2.4987443e+01   5.9531300e-01
   2.4999943e+01   6.7558600e-01
   2.5012443e+01   7.3081200e-01
   2.5024943e+01   8.3784400e-01
   2.5037443e+01   9.1982800e-01
   2.5049943e+01   9.0654900e-01
   2.5062443e+01   9.6006500e-01
   2.5074943e+01   9.8883500e-01
   2.5087443e+01   1.0135800e+00
   2.5099943e+01   1.0290700e+00
   2.5112443e+01   9.6006500e-01
   2.5124943e+01   9.6207700e-01
   2.5137443e+01   9.4869800e-01
   2.5149943e+01   8.3784400e-01
   2.5162443e+01   7.7105000e-01
   2.5174943e+01   6.7749800e-01
   2.5187443e+01   6.2207100e-01
   2.5199943e+01   6.0869200e-01
   2.5212443e+01   5.2650700e-01
   2.5224943e+01   5.1332900e-01
   2.5237443e+01   4.3305500e-01
   2.5249943e+01   4.1967600e-01
   2.5262443e+01   3.6435000e-01
   2.5274943e+01   4.3104300e-01
   2.5287443e+01   4.7319200e-01
   2.5299943e+01   5.1524000e-01
   2.5312443e+01   5.2650700e-01
   2.5324943e+01   6.3545000e-01
   2.5337443e+01   7.8634000e-01
   2.5349943e+01   7.7105000e-01
   2.5362443e+01   9.0654900e-01
   2.5374943e+01   9.1982800e-01
   2.5387443e+01   1.1224200e+00
   2.5399943e+01   1.2049100e+00
   2.5412443e+01   1.2049100e+00
   2.5424943e+01   1.3405100e+00
   2.5437443e+01   1.4360700e+00
   2.5449943e+01   1.4895900e+00
   2.5462443e+01   1.5564800e+00
   2.5474943e+01   1.6120100e+00
   2.5487443e+01   1.5832400e+00
   2.5499943e+01   1.6789100e+00
   2.5512443e+01   1.5852500e+00
   2.5524943e+01   1.6232800e+00
   2.5537443e+01   1.6387700e+00
   2.5549943e+01   1.5698600e+00
   2.5562443e+01   1.5852500e+00
   2.5574943e+01   1.5698600e+00
   2.5587443e+01   1.5049800e+00
   2.5599943e+01   1.4493500e+00
   2.5612443e+01   1.3939300e+00
   2.5624943e+01   1.4339600e+00
   2.5637443e+01   1.4608200e+00
   2.5649943e+01   1.3807500e+00
   2.5662443e+01   1.4073000e+00
   2.5674943e+01   1.4762100e+00
   2.5687443e+01   1.4339600e+00
   2.5699943e+01   1.4762100e+00
   2.5712443e+01   1.4608200e+00
   2.5724943e+01   1.4762100e+00
   2.5737443e+01   1.5431100e+00
   2.5749943e+01   1.5029700e+00
   2.5762443e+01   1.5564800e+00
   2.5774943e+01   1.4895900e+00
   2.5787443e+01   1.4628300e+00
   2.5799943e+01   1.5029700e+00
   2.5812443e+01   1.4895900e+00
   2.5824943e+01   1.4762100e+00
   2.5837443e+01   1.5163500e+00
   2.5849943e+01   1.4628300e+00
   2.5862443e+01   1.4493500e+00
   2.5874943e+01   1.4762100e+00
   2.5887443e+01   1.3827600e+00
   2.5899943e+01   1.4360700e+00
   2.5912443e+01   1.4226900e+00
   2.5924943e+01   1.4093200e+00
   2.5937443e+01   1.5029700e+00
   2.5949943e+01   1.4762100e+00
   2.5962443e+01   1.4762100e+00
   2.5974943e+01   1.5297300e+00
   2.5987443e+01   1.4762100e+00
   2.5999943e+01   1.5564800e+00
   2.6012443e+01   1.6387700e+00
   2.6024943e+01   1.5986300e+00
   2.6037443e+01   1.6655300e+00
   2.6049943e+01   1.6541600e+00
   2.6062443e+01   1.6120100e+00
   2.6074943e+01   1.6387700e+00
   2.6087443e+01   1.6387700e+00
   2.6099943e+01   1.6655300e+00
   2.6112443e+01   1.6922900e+00
   2.6124943e+01   1.6541600e+00
   2.6137443e+01   1.7056600e+00
   2.6149943e+01   1.5431100e+00
   2.6162443e+01   1.5852500e+00
   2.6174943e+01   1.5852500e+00
   2.6187443e+01   1.4762100e+00
   2.6199943e+01   1.4493500e+00
   2.6212443e+01   1.3961400e+00
   2.6224943e+01   1.3807500e+00
   2.6237443e+01   1.3939300e+00
   2.6249943e+01   1.2468600e+00
   2.6262443e+01   1.2314700e+00
   2.6274943e+01   1.2049100e+00
   2.6287443e+01   1.1245400e+00
   2.6299943e+01   1.1224200e+00
   2.6312443e+01   1.0691100e+00
   2.6324943e+01   1.0691100e+00
   2.6337443e+01   9.8883500e-01
   2.6349943e+01   9.4668600e-01
   2.6362443e+01   9.7344400e-01
   2.6374943e+01   1.0135800e+00
   2.6387443e+01   9.6006500e-01
   2.6399943e+01   9.4668600e-01
   2.6412443e+01   9.7344400e-01
   2.6424943e+01   1.0002000e+00
   2.6437443e+01   1.0290700e+00
   2.6449943e+01   1.0290700e+00
   2.6462443e+01   9.6207700e-01
   2.6474943e+01   1.1090400e+00
   2.6487443e+01   1.0956700e+00
   2.6499943e+01   1.1090400e+00
   2.6512443e+01   1.2180900e+00
   2.6524943e+01   1.1914300e+00
   2.6537443e+01   1.2735100e+00
   2.6549943e+01   1.2848800e+00
   2.6562443e+01   1.2314700e+00
   2.6574943e+01   1.3538900e+00
   2.6587443e+01   1.2848800e+00
   2.6599943e+01   1.3271300e+00
   2.6612443e+01   1.3116400e+00
   2.6624943e+01   1.2715000e+00
   2.6637443e+01   1.2982600e+00
   2.6649943e+01   1.2049100e+00
   2.6662443e+01   1.1646700e+00
   2.6674943e+01   1.1914300e+00
   2.6687443e+01   1.1491800e+00
   2.6699943e+01   1.1224200e+00
   2.6712443e+01   1.1491800e+00
   2.6724943e+01   1.0691100e+00
   2.6737443e+01   1.0822900e+00
   2.6749943e+01   1.0002000e+00
   2.6762443e+01   9.6006500e-01
   2.6774943e+01   1.0022100e+00
   2.6787443e+01   8.9327100e-01
   2.6799943e+01   9.7344400e-01
   2.6812443e+01   9.6006500e-01
   2.6824943e+01   9.3320700e-01
   2.6837543e+01   9.1982800e-01
   2.6849943e+01   9.1982800e-01
   2.6862443e+01   8.7989200e-01
   2.6874943e+01   8.3985600e-01
   2.6887443e+01   8.3985600e-01
   2.6899943e+01   7.5757000e-01
   2.6912443e+01   7.8432800e-01
   2.6924943e+01   6.6421900e-01
   2.6937443e+01   6.5084000e-01
   2.6949943e+01   6.0869200e-01
   2.6962443e+01   5.2861900e-01
   2.6974943e+01   5.6664400e-01
   2.6987443e+01   5.8183300e-01
   2.6999943e+01   4.8657100e-01
   2.7012443e+01   4.5981300e-01
   2.7024943e+01   4.3305500e-01
   2.7037443e+01   4.9995000e-01
   2.7049943e+01   5.0186100e-01
   2.7062443e+01   5.2650700e-01
   2.7074943e+01   5.1332900e-01
   2.7087443e+01   5.9531300e-01
   2.7099943e+01   5.6855500e-01
   2.7112443e+01   7.1763500e-01
   2.7124943e+01   7.8432800e-01
   2.7137443e+01   7.8634000e-01
   2.7149943e+01   7.9971900e-01
   2.7162443e+01   8.2446500e-01
   2.7174943e+01   9.4668600e-01
   2.7187443e+01   9.6006500e-01
   2.7199943e+01   9.1982800e-01
   2.7212443e+01   8.9327100e-01
   2.7224943e+01   8.7788000e-01
   2.7237443e+01   8.3985600e-01
   2.7249943e+01   7.9971900e-01
   2.7262443e+01   6.7558600e-01
   2.7274943e+01   6.6421900e-01
   2.7287443e+01   5.8183300e-01
   2.7299943e+01   4.3305500e-01
   2.7312443e+01   3.9291800e-01
   2.7324943e+01   2.6888700e-01
   2.7337443e+01   1.8881400e-01
   2.7349943e+01   6.6592900e-02
   2.7362443e+01   2.6456100e-02
   2.7374943e+01   2.6456100e-02
   2.7387443e+01  -2.8669200e-02
   2.7399943e+01  -1.2222100e-01
   2.7412443e+01  -1.3560000e-01
   2.7424943e+01  -1.6225700e-01
   2.7437443e+01  -1.4887800e-01
   2.7449943e+01  -1.3358800e-01
   2.7462443e+01  -1.0884200e-01
   2.7474943e+01  -2.6858500e-02
   2.7487443e+01   1.3278400e-02
   2.7499943e+01   2.6456100e-02
   2.7512443e+01   1.0874200e-01
   2.7524943e+01   1.0673000e-01
   2.7537443e+01   1.0874200e-01
   2.7549943e+01   9.5362700e-02
   2.7562443e+01   1.3278400e-02
   2.7574943e+01   9.3350800e-02
   2.7587443e+01   1.0673000e-01
   2.7599943e+01  -0.0000000e+00
   2.7612443e+01   2.6456100e-02
   2.7624943e+01  -0.0000000e+00
   2.7637443e+01  -6.6794100e-02
   2.7649943e+01  -6.6794100e-02
   2.7662443e+01  -1.2222100e-01
   2.7674943e+01  -1.3358800e-01
   2.7687443e+01  -8.2084400e-02
   2.7699943e+01  -1.8881400e-01
   2.7712443e+01  -1.6396800e-01
   2.7724943e+01  -1.2222100e-01
   2.7737443e+01  -1.3560000e-01
   2.7749943e+01  -1.0884200e-01
   2.7762443e+01  -1.3560000e-01
   2.7774943e+01  -9.5463300e-02
   2.7787443e+01  -2.6858500e-02
   2.7799943e+01  -8.2084400e-02
   2.7812443e+01  -2.8669200e-02
   2.7824943e+01  -4.0136800e-02
   2.7837443e+01  -1.2222100e-01
   2.7849943e+01  -1.8881400e-01
   2.7862443e+01  -2.4414100e-01
   2.7874943e+01  -3.2431400e-01
   2.7887443e+01  -3.3759200e-01
   2.7899943e+01  -4.1947500e-01
   2.7912443e+01  -5.2630600e-01
   2.7924943e+01  -5.4139500e-01
   2.7937443e+01  -6.8826100e-01
   2.7949943e+01  -7.3000800e-01
   2.7962443e+01  -8.5202800e-01
   2.7974943e+01  -8.5202800e-01
   2.7987443e+01  -8.6540700e-01
   2.7999943e+01  -9.5875700e-01
   2.8012443e+01  -9.7203600e-01
   2.8024943e+01  -9.6066900e-01
   2.8037443e+01  -1.0007000e+00
   2.8049943e+01  -1.0119700e+00
   2.8062443e+01  -9.5875700e-01
   2.8074943e+01  -9.8742700e-01
   2.8087443e+01  -9.4547900e-01
   2.8099943e+01  -9.3391100e-01
   2.8112443e+01  -9.4729000e-01
   2.8124943e+01  -9.1872100e-01
   2.8137443e+01  -9.3391100e-01
   2.8149943e+01  -9.1872100e-01
   2.8162443e+01  -8.1219200e-01
   2.8174943e+01  -8.1219200e-01
   2.8187443e+01  -7.7004400e-01
   2.8199943e+01  -8.7868500e-01
   2.8212443e+01  -7.8342300e-01
   2.8224943e+01  -8.1018100e-01
   2.8237443e+01  -8.9206400e-01
   2.8249943e+01  -8.2547100e-01
   2.8262443e+01  -8.6540700e-01
   2.8274943e+01  -8.9206400e-01
   2.8287443e+01  -8.5202800e-01
   2.8299943e+01  -9.8531400e-01
   2.8312443e+01  -9.3391100e-01
   2.8324943e+01  -9.2063200e-01
   2.8337443e+01  -9.9869300e-01
   2.8349943e+01  -1.0139800e+00
   2.8362443e+01  -1.0273600e+00
   2.8374943e+01  -1.0938500e+00
   2.8387443e+01  -1.1338900e+00
   2.8399943e+01  -1.2309600e+00
   2.8412443e+01  -1.2691900e+00
   2.8424943e+01  -1.2841800e+00
   2.8437443e+01  -1.3908100e+00
   2.8449943e+01  -1.4592100e+00
   2.8462443e+01  -1.4858700e+00
   2.8474943e+01  -1.6075900e+00
   2.8487443e+01  -1.6058800e+00
   2.8499943e+01  -1.6875600e+00
   2.8512443e+01  -1.7694400e+00
   2.8524943e+01  -1.7560600e+00
   2.8537443e+01  -1.8626900e+00
   2.8549943e+01  -1.8093800e+00
   2.8562443e+01  -1.7827200e+00
   2.8574943e+01  -1.8626900e+00
   2.8587443e+01  -1.8243700e+00
   2.8599943e+01  -1.8093800e+00
   2.8612443e+01  -1.7827200e+00
   2.8624943e+01  -1.7426800e+00
   2.8637443e+01  -1.8093800e+00
   2.8649943e+01  -1.7977100e+00
   2.8662443e+01  -1.7161300e+00
   2.8674943e+01  -1.7426800e+00
   2.8687443e+01  -1.7294000e+00
   2.8699943e+01  -1.8093800e+00
   2.8712443e+01  -1.8226500e+00
   2.8724943e+01  -1.8093800e+00
   2.8737443e+01  -1.8226500e+00
   2.8749943e+01  -1.8644000e+00
   2.8762443e+01  -1.7694400e+00
   2.8774943e+01  -1.8110900e+00
   2.8787443e+01  -1.7960000e+00
   2.8799943e+01  -1.7960000e+00
   2.8812443e+01  -1.8093800e+00
   2.8824943e+01  -1.7560600e+00
   2.8837443e+01  -1.7675300e+00
   2.8849943e+01  -1.6761900e+00
   2.8862443e+01  -1.7009400e+00
   2.8874943e+01  -1.7274900e+00
   2.8887443e+01  -1.6495300e+00
   2.8899943e+01  -1.5810300e+00
   2.8912443e+01  -1.6475200e+00
   2.8924943e+01  -1.5542700e+00
   2.8937443e+01  -1.6209600e+00
   2.8949943e+01  -1.6342400e+00
   2.8962443e+01  -1.6342400e+00
   2.8974943e+01  -1.7541500e+00
   2.8987443e+01  -1.7426800e+00
   2.8999943e+01  -1.8226500e+00
   2.9012443e+01  -1.8644000e+00
   2.9024943e+01  -1.8644000e+00
   2.9037443e+01  -1.9444700e+00
   2.9049943e+01  -2.0243400e+00
   2.9062443e+01  -1.9976900e+00
   2.9074943e+01  -2.0659900e+00
   2.9087443e+01  -2.0393300e+00
   2.9099943e+01  -2.0243400e+00
   2.9112443e+01  -2.1609500e+00
   2.9124943e+01  -2.0659900e+00
   2.9137443e+01  -2.0527100e+00
   2.9149943e+01  -2.1458600e+00
   2.9162443e+01  -2.0792700e+00
   2.9174943e+01  -2.0260600e+00
   2.9187443e+01  -1.9843100e+00
   2.9199943e+01  -1.9461800e+00
   2.9212443e+01  -1.9444700e+00
   2.9224943e+01  -1.8626900e+00
   2.9237443e+01  -1.7827200e+00
   2.9249943e+01  -1.8226500e+00
   2.9262443e+01  -1.7161300e+00
   2.9274943e+01  -1.6742800e+00
   2.9287443e+01  -1.6075900e+00
   2.9299943e+01  -1.5926000e+00
   2.9312443e+01  -1.5943100e+00
   2.9324943e+01  -1.5408900e+00
   2.9337443e+01  -1.4308400e+00
   2.9349943e+01  -1.4725900e+00
   2.9362443e+01  -1.3908100e+00
   2.9374943e+01  -1.4592100e+00
   2.9387443e+01  -1.4192700e+00
   2.9399943e+01  -1.3792400e+00
   2.9412443e+01  -1.4325500e+00
   2.9424943e+01  -1.3375900e+00
   2.9437443e+01  -1.3242100e+00
   2.9450043e+01  -1.4592100e+00
   2.9462443e+01  -1.3375900e+00
   2.9474943e+01  -1.3508700e+00
   2.9487443e+01  -1.3641500e+00
   2.9499943e+01  -1.3508700e+00
   2.9512443e+01  -1.4041900e+00
   2.9524943e+01  -1.3775300e+00
   2.9537443e+01  -1.3508700e+00
   2.9549943e+01  -1.4192700e+00
   2.9562443e+01  -1.4175600e+00
   2.9574943e+01  -1.4041900e+00
   2.9587443e+01  -1.3926200e+00
   2.9599943e+01  -1.3659600e+00
   2.9612443e+01  -1.4041900e+00
   2.9624943e+01  -1.3108300e+00
   2.9637443e+01  -1.2691900e+00
   2.9649943e+01  -1.3508700e+00
   2.9662443e+01  -1.3393000e+00
   2.9674943e+01  -1.3108300e+00
   2.9687443e+01  -1.2957500e+00
   2.9699943e+01  -1.2575200e+00
   2.9712443e+01  -1.2841800e+00
   2.9724943e+01  -1.2290500e+00
   2.9737443e+01  -1.1624600e+00
   2.9749943e+01  -1.2957500e+00
   2.9762443e+01  -1.1891200e+00
   2.9774943e+01  -1.1891200e+00
   2.9787443e+01  -1.1891200e+00
   2.9799943e+01  -1.1891200e+00
   2.9812443e+01  -1.2157700e+00
   2.9824943e+01  -1.1758400e+00
   2.9837443e+01  -1.0674000e+00
   2.9849943e+01  -1.1090400e+00
   2.9862443e+01  -1.0273600e+00
   2.9874943e+01  -9.5875700e-01
   2.9887443e+01  -9.6066900e-01
   2.9899943e+01  -8.5202800e-01
   2.9912443e+01  -8.2547100e-01
   2.9924943e+01  -7.8342300e-01
   2.9937443e+01  -6.7488200e-01
   2.9949943e+01  -6.7679400e-01
   2.9962443e+01  -6.1020100e-01
   2.9974943e+01  -5.1302700e-01
