   0.0000000e+00  -1.2883400e-02
   1.2484121e-02  -2.1322600e-02
   2.4981021e-02  -1.4281600e-02
   3.7486121e-02  -3.5704100e-02
   4.9986121e-02  -2.8563300e-02
   6.2486921e-02  -3.5704100e-02
   7.4985021e-02   8.4890800e-03
   8.7485121e-02  -1.2883400e-02
   9.9985121e-02  -1.4281600e-02
   1.1249112e-01  -7.0908800e-03
   1.2498512e-01  -1.4281600e-02
   1.3748512e-01  -1.4281600e-02
   1.4998512e-01  -7.0908800e-03
   1.6249212e-01   1.3982000e-03
   1.7498512e-01   2.2770700e-02
   1.8748512e-01   1.5629900e-02
   1.9998512e-01  -5.7925500e-03
   2.1249112e-01  -2.7215000e-02
   2.2498512e-01  -7.0908800e-03
   2.3748512e-01  -2.8563300e-02
   2.4998512e-01  -2.1322600e-02
   2.6249212e-01  -5.7925500e-03
   2.7498512e-01   2.9961500e-02
   2.8748412e-01  -0.0000000e+00
   2.9998512e-01  -0.0000000e+00
   3.1248712e-01   8.4890800e-03
   3.2498412e-01   1.5629900e-02
   3.3748412e-01   1.5629900e-02
   3.4998412e-01   1.5629900e-02
   3.6249212e-01  -0.0000000e+00
   3.7498412e-01  -0.0000000e+00
   3.8748512e-01  -5.7925500e-03
   3.9998512e-01  -4.2795000e-02
   4.1249112e-01  -2.1322600e-02
   4.2498412e-01   7.1907500e-03
   4.3748112e-01  -7.0908800e-03
   4.4998612e-01  -5.7925500e-03
   4.6249112e-01  -1.4281600e-02
   4.7498512e-01   2.2770700e-02
   4.8748512e-01   1.3982000e-03
   4.9998512e-01   1.3982000e-03
   5.1249112e-01   8.4890800e-03
   5.2498512e-01   2.2770700e-02
   5.3748512e-01   1.5629900e-02
   5.4998412e-01   7.1907500e-03
   5.6248712e-01  -2.1322600e-02
   5.7498412e-01  -1.2883400e-02
   5.8748512e-01  -2.0074200e-02
   5.9998612e-01   8.4890800e-03
   6.1249112e-01   1.5629900e-02
   6.2498412e-01   2.2770700e-02
   6.3748412e-01   2.9961500e-02
   6.4998612e-01   8.4890800e-03
   6.6249112e-01  -0.0000000e+00
   6.7498512e-01   2.9961500e-02
   6.8748512e-01   2.2770700e-02
   7.0000612e-01   2.2770700e-02
   7.1248512e-01  -1.4281600e-02
   7.2498412e-01   2.2770700e-02
   7.3748512e-01   3.7102300e-02
   7.4998412e-01   8.4890800e-03
   7.6248712e-01   8.4890800e-03
   7.7498412e-01   1.5629900e-02
   7.8748512e-01   1.5629900e-02
   7.9998512e-01   2.2770700e-02
   8.1248612e-01   1.5629900e-02
   8.2498412e-01   8.4890800e-03
   8.3748512e-01  -2.1322600e-02
   8.4998512e-01  -7.0908800e-03
   8.6249112e-01   1.5629900e-02
   8.7498512e-01   2.2770700e-02
   8.8748512e-01   2.2770700e-02
   8.9998512e-01  -0.0000000e+00
   9.1249212e-01   1.5629900e-02
   9.2498512e-01   2.2770700e-02
   9.3748512e-01   8.4890800e-03
   9.4998512e-01  -7.0908800e-03
   9.6249312e-01  -2.1322600e-02
   9.7498512e-01   1.5629900e-02
   9.8748512e-01   2.2770700e-02
   9.9998312e-01  -0.0000000e+00
   1.0124931e+00  -0.0000000e+00
   1.0249831e+00   8.4890800e-03
   1.0374831e+00  -7.0908800e-03
   1.0499831e+00   1.5629900e-02
   1.0624831e+00  -5.7925500e-03
   1.0749831e+00   2.2770700e-02
   1.0874831e+00   7.1907500e-03
   1.0999831e+00   2.2770700e-02
   1.1124931e+00   1.5629900e-02
   1.1249831e+00   1.5629900e-02
   1.1374831e+00   1.5629900e-02
   1.1499831e+00   1.5629900e-02
   1.1624931e+00   8.4890800e-03
   1.1749831e+00   1.5629900e-02
   1.1874831e+00   8.4890800e-03
   1.1999831e+00  -7.0908800e-03
   1.2124931e+00   8.4890800e-03
   1.2249831e+00   2.2770700e-02
   1.2374831e+00   1.4331600e-02
   1.2499831e+00   1.5629900e-02
   1.2624931e+00  -1.4281600e-02
   1.2749831e+00   2.9961500e-02
   1.2874831e+00   1.5629900e-02
   1.2999831e+00   9.8373500e-03
   1.3124831e+00   8.4890800e-03
   1.3249831e+00   2.9961500e-02
   1.3374831e+00  -1.4281600e-02
   1.3499831e+00  -1.2883400e-02
   1.3624931e+00   1.5629900e-02
   1.3749831e+00   2.9961500e-02
   1.3874831e+00   2.1472400e-02
   1.3999831e+00   8.4890800e-03
   1.4124931e+00   2.9961500e-02
   1.4249831e+00   2.2770700e-02
   1.4374831e+00   7.1907500e-03
   1.4499831e+00   9.8373500e-03
   1.4624931e+00   2.2770700e-02
   1.4749831e+00   4.4193200e-02
   1.4874831e+00   2.2770700e-02
   1.4999831e+00   8.4890800e-03
   1.5124931e+00  -7.0908800e-03
   1.5249831e+00   2.9961500e-02
   1.5374831e+00   8.4890800e-03
   1.5499831e+00   8.4890800e-03
   1.5624831e+00   1.3982000e-03
   1.5749831e+00   1.5629900e-02
   1.5874831e+00   8.4890800e-03
   1.5999831e+00   8.4890800e-03
   1.6124931e+00   8.4890800e-03
   1.6249831e+00   1.5629900e-02
   1.6374831e+00   8.4890800e-03
   1.6499831e+00   2.2770700e-02
   1.6624931e+00  -5.7925500e-03
   1.6749831e+00   2.2770700e-02
   1.6874831e+00   1.3982000e-03
   1.6999831e+00  -0.0000000e+00
   1.7124931e+00  -1.2883400e-02
   1.7249831e+00  -5.7925500e-03
   1.7374831e+00  -5.7925500e-03
   1.7499831e+00  -2.1322600e-02
   1.7624931e+00  -3.5704100e-02
   1.7749831e+00  -5.7925500e-03
   1.7874831e+00  -1.4281600e-02
   1.7999831e+00  -2.8563300e-02
   1.8124831e+00  -7.0908800e-03
   1.8249831e+00   8.4890800e-03
   1.8374831e+00   8.4890800e-03
   1.8499831e+00   1.5629900e-02
   1.8624931e+00  -1.4281600e-02
   1.8749831e+00  -5.7925500e-03
   1.8874831e+00  -7.0908800e-03
   1.8999831e+00  -1.2883400e-02
   1.9124931e+00  -7.0908800e-03
   1.9249831e+00  -5.7925500e-03
   1.9374831e+00  -5.7925500e-03
   1.9499831e+00   1.3982000e-03
   1.9624831e+00  -5.7925500e-03
   1.9749831e+00   2.2770700e-02
   1.9874831e+00  -7.0908800e-03
   1.9999831e+00   8.4890800e-03
   2.0124931e+00   1.5629900e-02
   2.0249831e+00   3.7102300e-02
   2.0374831e+00   2.2770700e-02
   2.0499831e+00   1.5629900e-02
   2.0624831e+00   2.2770700e-02
   2.0749831e+00   4.5591400e-02
   2.0874831e+00   4.4193200e-02
   2.0999831e+00   5.1383900e-02
   2.1124931e+00   5.2732200e-02
   2.1249831e+00   1.0401600e-01
   2.1374831e+00   8.1345400e-02
   2.1499831e+00   1.0401600e-01
   2.1624931e+00   1.3258000e-01
   2.1749831e+00   1.4696100e-01
   2.1874831e+00   1.3982000e-01
   2.1999831e+00   1.6973200e-01
   2.2124931e+00   1.5405200e-01
   2.2249831e+00   1.8401300e-01
   2.2374831e+00   2.3404900e-01
   2.2499831e+00   2.4967900e-01
   2.2624931e+00   2.7834200e-01
   2.2749831e+00   3.2957600e-01
   2.2874831e+00   3.3681700e-01
   2.2999831e+00   3.6538000e-01
   2.3124831e+00   4.0383100e-01
   2.3249831e+00   4.6235500e-01
   2.3374831e+00   4.9101900e-01
   2.3499831e+00   5.3396300e-01
   2.3624931e+00   5.5808200e-01
   2.3749831e+00   6.0097700e-01
   2.3874831e+00   6.5111300e-01
   2.3999831e+00   7.1108500e-01
   2.4124931e+00   8.0686200e-01
   2.4249831e+00   9.0129100e-01
   2.4374831e+00   9.5991600e-01
   2.4499831e+00   1.0557900e+00
   2.4624931e+00   1.1660000e+00
   2.4749831e+00   1.2762600e+00
   2.4874831e+00   1.3793800e+00
   2.4999831e+00   1.5112100e+00
   2.5124931e+00   1.6288100e+00
   2.5249831e+00   1.7822100e+00
   2.5374831e+00   1.8999100e+00
   2.5499831e+00   2.0534600e+00
   2.5624831e+00   2.2459600e+00
   2.5749831e+00   2.4154900e+00
   2.5874831e+00   2.5636000e+00
   2.5999831e+00   2.7692900e+00
   2.6124931e+00   2.9550000e+00
   2.6249831e+00   3.1609300e+00
   2.6374831e+00   3.3454000e+00
   2.6499831e+00   3.5819400e+00
   2.6624931e+00   3.8402600e+00
   2.6749831e+00   4.0755600e+00
   2.6874831e+00   4.3358700e+00
   2.6999831e+00   4.6180100e+00
   2.7124931e+00   4.8787300e+00
   2.7249831e+00   5.1758900e+00
   2.7374831e+00   5.4733600e+00
   2.7499831e+00   5.7693300e+00
   2.7624931e+00   6.1069000e+00
   2.7749831e+00   6.4251400e+00
   2.7874831e+00   6.7399800e+00
   2.7999831e+00   7.0896300e+00
   2.8124831e+00   7.4124700e+00
   2.8249831e+00   7.7500300e+00
   2.8374831e+00   8.0862000e+00
   2.8499831e+00   8.4464400e+00
   2.8624931e+00   8.8143600e+00
   2.8749831e+00   9.1370500e+00
   2.8874831e+00   9.4838500e+00
   2.8999831e+00   9.8455400e+00
   2.9124931e+00   1.0171300e+01
   2.9249831e+00   1.0502600e+01
   2.9374831e+00   1.0805100e+01
   2.9499831e+00   1.1122400e+01
   2.9624931e+00   1.1420200e+01
   2.9749831e+00   1.1692100e+01
   2.9874831e+00   1.1964200e+01
   2.9999831e+00   1.2216700e+01
   3.0125131e+00   1.2413800e+01
   3.0249831e+00   1.2642400e+01
   3.0374831e+00   1.2825200e+01
   3.0499831e+00   1.2983700e+01
   3.0624831e+00   1.3112900e+01
   3.0749831e+00   1.3251800e+01
   3.0874831e+00   1.3312700e+01
   3.0999831e+00   1.3381000e+01
   3.1124931e+00   1.3364200e+01
   3.1249831e+00   1.3359000e+01
   3.1374831e+00   1.3349400e+01
   3.1499831e+00   1.3244400e+01
   3.1624931e+00   1.3137100e+01
   3.1749831e+00   1.3007900e+01
   3.1874831e+00   1.2815700e+01
   3.1999831e+00   1.2581600e+01
   3.2124931e+00   1.2377100e+01
   3.2249831e+00   1.2117200e+01
   3.2374831e+00   1.1745500e+01
   3.2499831e+00   1.1427500e+01
   3.2624931e+00   1.1040000e+01
   3.2749831e+00   1.0669400e+01
   3.2874831e+00   1.0200500e+01
   3.2999831e+00   9.7176500e+00
   3.3124831e+00   9.2739200e+00
   3.3249831e+00   8.7633800e+00
   3.3374831e+00   8.2062500e+00
   3.3499831e+00   7.7264600e+00
   3.3624931e+00   7.1059600e+00
   3.3749831e+00   6.5752900e+00
   3.3874831e+00   5.9497500e+00
   3.3999831e+00   5.3743900e+00
   3.4124931e+00   4.8105100e+00
   3.4249831e+00   4.2116300e+00
   3.4374831e+00   3.5732000e+00
   3.4499831e+00   3.0197700e+00
   3.4624931e+00   2.3652100e+00
   3.4749831e+00   1.8783300e+00
   3.4874831e+00   1.2462500e+00
   3.4999831e+00   6.3817900e-01
   3.5124931e+00   1.2553900e-01
   3.5249831e+00  -4.6610100e-01
   3.5374831e+00  -1.0352200e+00
   3.5499831e+00  -1.5024200e+00
   3.5624831e+00  -2.0174600e+00
   3.5749831e+00  -2.5114700e+00
   3.5874931e+00  -2.9527000e+00
   3.5999831e+00  -3.4583500e+00
   3.6124931e+00  -3.8711200e+00
   3.6249831e+00  -4.2963700e+00
   3.6374831e+00  -4.7655200e+00
   3.6499831e+00  -5.1037900e+00
   3.6624931e+00  -5.4981800e+00
   3.6749831e+00  -5.9071500e+00
   3.6874831e+00  -6.2379800e+00
   3.6999831e+00  -6.5737000e+00
   3.7124931e+00  -6.8449000e+00
   3.7249831e+00  -7.1096600e+00
   3.7374831e+00  -7.4172600e+00
   3.7499831e+00  -7.6517100e+00
   3.7624931e+00  -7.9025900e+00
   3.7749831e+00  -8.1085700e+00
   3.7874831e+00  -8.3075200e+00
   3.7999831e+00  -8.5141000e+00
   3.8124831e+00  -8.6847800e+00
   3.8249831e+00  -8.8545100e+00
   3.8374831e+00  -8.9969800e+00
   3.8499831e+00  -9.1316100e+00
   3.8624931e+00  -9.2668300e+00
   3.8749831e+00  -9.3802900e+00
   3.8874831e+00  -9.4937900e+00
   3.8999831e+00  -9.5861700e+00
   3.9124931e+00  -9.6925400e+00
   3.9249831e+00  -9.7491600e+00
   3.9374831e+00  -9.8688100e+00
   3.9499831e+00  -9.9191400e+00
   3.9624931e+00  -9.9617900e+00
   3.9749831e+00  -9.9967400e+00
   3.9874831e+00  -1.0046300e+01
   3.9999831e+00  -1.0075000e+01
   4.0124931e+00  -1.0103000e+01
   4.0249831e+00  -1.0116200e+01
   4.0374831e+00  -1.0123900e+01
   4.0499831e+00  -1.0109900e+01
   4.0624831e+00  -1.0109900e+01
   4.0749831e+00  -1.0075000e+01
   4.0874831e+00  -1.0068000e+01
   4.0999831e+00  -1.0039300e+01
   4.1124931e+00  -1.0004400e+01
   4.1249831e+00  -9.9471100e+00
   4.1374831e+00  -9.9400700e+00
   4.1499831e+00  -9.9121000e+00
   4.1624931e+00  -9.8547800e+00
   4.1749831e+00  -9.8058900e+00
   4.1874831e+00  -9.7631900e+00
   4.1999831e+00  -9.6925400e+00
   4.2124931e+00  -9.5932100e+00
   4.2249831e+00  -9.5084200e+00
   4.2374831e+00  -9.4370600e+00
   4.2499831e+00  -9.3663000e+00
   4.2624931e+00  -9.2458600e+00
   4.2749831e+00  -9.0824700e+00
   4.2874831e+00  -8.9541300e+00
   4.2999831e+00  -8.8272000e+00
   4.3124831e+00  -8.6419900e+00
   4.3249831e+00  -8.4790500e+00
   4.3374831e+00  -8.2716600e+00
   4.3499831e+00  -8.0656800e+00
   4.3624931e+00  -7.8026200e+00
   4.3749831e+00  -7.4953600e+00
   4.3874831e+00  -7.2318500e+00
   4.3999831e+00  -6.9100100e+00
   4.4124931e+00  -6.5446300e+00
   4.4249831e+00  -6.2018200e+00
   4.4374831e+00  -5.8356000e+00
   4.4499831e+00  -5.4407000e+00
   4.4624931e+00  -5.0099100e+00
   4.4749831e+00  -4.5128500e+00
   4.4874831e+00  -4.0514400e+00
   4.4999831e+00  -3.5090900e+00
   4.5124931e+00  -2.9598400e+00
   4.5249831e+00  -2.4309700e+00
   4.5374831e+00  -1.8205600e+00
   4.5499831e+00  -1.1815300e+00
   4.5624831e+00  -6.1271200e-01
   4.5749831e+00   7.4104700e-02
   4.5874831e+00   6.6679200e-01
   4.5999831e+00   1.3994500e+00
   4.6124931e+00   2.0908100e+00
   4.6249831e+00   2.7015800e+00
   4.6374831e+00   3.4044700e+00
   4.6499831e+00   4.1652400e+00
   4.6624931e+00   4.7888400e+00
   4.6749831e+00   5.4861400e+00
   4.6874831e+00   6.0617500e+00
   4.6999831e+00   6.6802600e+00
   4.7124931e+00   7.3162400e+00
   4.7249831e+00   7.7936300e+00
   4.7374831e+00   8.3572500e+00
   4.7499831e+00   8.9729600e+00
   4.7624931e+00   9.4692700e+00
   4.7749831e+00   9.9444100e+00
   4.7874831e+00   1.0367200e+01
   4.7999831e+00   1.0836400e+01
   4.8124831e+00   1.1231000e+01
   4.8249831e+00   1.1585400e+01
   4.8374831e+00   1.1881600e+01
   4.8499831e+00   1.2170600e+01
   4.8624931e+00   1.2353000e+01
   4.8749831e+00   1.2627800e+01
   4.8874831e+00   1.2793600e+01
   4.8999831e+00   1.2983700e+01
   4.9124931e+00   1.3159100e+01
   4.9249831e+00   1.3273800e+01
   4.9374831e+00   1.3320000e+01
   4.9499831e+00   1.3398000e+01
   4.9624931e+00   1.3481100e+01
   4.9749831e+00   1.3564100e+01
   4.9874831e+00   1.3617800e+01
   4.9999831e+00   1.3671500e+01
   5.0124931e+00   1.3762100e+01
   5.0249831e+00   1.3791400e+01
   5.0374831e+00   1.3791400e+01
   5.0499831e+00   1.3791400e+01
   5.0624831e+00   1.3793700e+01
   5.0749831e+00   1.3745100e+01
   5.0874831e+00   1.3693600e+01
   5.0999831e+00   1.3625200e+01
   5.1124931e+00   1.3532500e+01
   5.1249831e+00   1.3425100e+01
   5.1374831e+00   1.3229700e+01
   5.1499831e+00   1.3020400e+01
   5.1624931e+00   1.2800900e+01
   5.1749831e+00   1.2520700e+01
   5.1874831e+00   1.2146500e+01
   5.1999831e+00   1.1866800e+01
   5.2124931e+00   1.1495500e+01
   5.2249831e+00   1.1139100e+01
   5.2374831e+00   1.0698700e+01
   5.2499831e+00   1.0209800e+01
   5.2624931e+00   9.7925600e+00
   5.2749831e+00   9.2958000e+00
   5.2874831e+00   8.7323700e+00
   5.2999831e+00   8.2681200e+00
   5.3124831e+00   7.7409400e+00
   5.3249831e+00   7.2545700e+00
   5.3374831e+00   6.7238000e+00
   5.3499831e+00   6.1503400e+00
   5.3624931e+00   5.6736000e+00
   5.3749831e+00   5.1670600e+00
   5.3874831e+00   4.6252000e+00
   5.3999831e+00   4.2172800e+00
   5.4124931e+00   3.7002900e+00
   5.4249831e+00   3.2718900e+00
   5.4374831e+00   2.7764800e+00
   5.4499831e+00   2.2976500e+00
   5.4624931e+00   1.8999100e+00
   5.4749831e+00   1.4668100e+00
   5.4874831e+00   1.0257300e+00
   5.4999831e+00   6.4527000e-01
   5.5124931e+00   2.2825600e-01
   5.5250031e+00  -1.6688500e-01
   5.5374831e+00  -5.4719600e-01
   5.5499831e+00  -9.4128900e-01
   5.5624831e+00  -1.2825500e+00
   5.5749831e+00  -1.6401400e+00
   5.5874831e+00  -2.0399300e+00
   5.5999831e+00  -2.3658600e+00
   5.6124931e+00  -2.7221000e+00
   5.6250031e+00  -3.0980700e+00
   5.6374831e+00  -3.4371300e+00
   5.6499831e+00  -3.7838800e+00
   5.6624931e+00  -4.1243500e+00
   5.6749831e+00  -4.4773900e+00
   5.6874831e+00  -4.8655400e+00
   5.6999831e+00  -5.1683500e+00
   5.7124931e+00  -5.5334800e+00
   5.7250031e+00  -5.9000600e+00
   5.7374831e+00  -6.1876900e+00
   5.7499831e+00  -6.5596100e+00
   5.7624931e+00  -6.8598800e+00
   5.7749831e+00  -7.2098800e+00
   5.7874831e+00  -7.5603800e+00
   5.7999831e+00  -7.8167000e+00
   5.8124831e+00  -8.1156100e+00
   5.8250031e+00  -8.4143800e+00
   5.8374831e+00  -8.6419900e+00
   5.8499831e+00  -8.8686000e+00
   5.8624931e+00  -9.0537600e+00
   5.8749831e+00  -9.2031100e+00
   5.8874831e+00  -9.3802900e+00
   5.8999831e+00  -9.5154600e+00
   5.9124931e+00  -9.6428500e+00
   5.9249831e+00  -9.7911600e+00
   5.9374831e+00  -9.9044100e+00
   5.9499831e+00  -1.0046300e+01
   5.9624931e+00  -1.0137900e+01
   5.9749831e+00  -1.0202200e+01
   5.9874831e+00  -1.0286700e+01
   5.9999831e+00  -1.0293700e+01
   6.0124931e+00  -1.0336200e+01
   6.0249831e+00  -1.0350200e+01
   6.0374831e+00  -1.0343200e+01
   6.0499831e+00  -1.0343200e+01
   6.0624831e+00  -1.0308300e+01
   6.0749831e+00  -1.0315300e+01
   6.0874831e+00  -1.0329900e+01
   6.0999831e+00  -1.0321600e+01
   6.1124931e+00  -1.0321600e+01
   6.1249831e+00  -1.0300600e+01
   6.1374831e+00  -1.0279700e+01
   6.1499831e+00  -1.0258100e+01
   6.1624931e+00  -1.0223100e+01
   6.1749831e+00  -1.0181200e+01
   6.1874831e+00  -1.0116900e+01
   6.1999831e+00  -1.0032300e+01
   6.2124931e+00  -9.9191400e+00
   6.2249831e+00  -9.8122300e+00
   6.2374831e+00  -9.6995800e+00
   6.2499831e+00  -9.5581600e+00
   6.2624931e+00  -9.4020600e+00
   6.2749831e+00  -9.2528500e+00
   6.2874831e+00  -9.0895600e+00
   6.2999831e+00  -8.8981100e+00
   6.3124831e+00  -8.6279000e+00
   6.3249831e+00  -8.3714800e+00
   6.3374831e+00  -8.1156100e+00
   6.3499831e+00  -7.7806900e+00
   6.3624931e+00  -7.3891000e+00
   6.3749831e+00  -7.0454400e+00
   6.3874831e+00  -6.6379600e+00
   6.3999831e+00  -6.2591000e+00
   6.4124931e+00  -5.7923500e+00
   6.4249831e+00  -5.3327900e+00
   6.4374831e+00  -4.9019500e+00
   6.4499831e+00  -4.4056300e+00
   6.4624931e+00  -3.8923400e+00
   6.4749831e+00  -3.4371300e+00
   6.4874831e+00  -2.9231900e+00
   6.4999831e+00  -2.4605900e+00
   6.5124931e+00  -1.9296200e+00
   6.5249831e+00  -1.3705400e+00
   6.5374831e+00  -8.9724600e-01
   6.5499831e+00  -3.0520700e-01
   6.5624831e+00   2.7110100e-01
   6.5749831e+00   7.2676500e-01
   6.5874831e+00   1.2462500e+00
   6.5999831e+00   1.8195100e+00
   6.6124831e+00   2.3192200e+00
   6.6249831e+00   2.8426400e+00
   6.6374831e+00   3.3294700e+00
   6.6499831e+00   3.9370900e+00
   6.6624931e+00   4.5354200e+00
   6.6749831e+00   5.0104100e+00
   6.6874831e+00   5.6663600e+00
   6.6999831e+00   6.2624000e+00
   6.7124931e+00   6.8142900e+00
   6.7249831e+00   7.4504700e+00
   6.7374831e+00   8.0208800e+00
   6.7499831e+00   8.6649600e+00
   6.7624831e+00   9.2904500e+00
   6.7749831e+00   9.8018900e+00
   6.7874831e+00   1.0359900e+01
   6.7999831e+00   1.0889500e+01
   6.8124831e+00   1.1304200e+01
   6.8249831e+00   1.1767400e+01
   6.8374831e+00   1.2080500e+01
   6.8499831e+00   1.2437900e+01
   6.8624931e+00   1.2830300e+01
   6.8749831e+00   1.3081300e+01
   6.8874831e+00   1.3344300e+01
   6.8999831e+00   1.3571500e+01
   6.9124931e+00   1.3740000e+01
   6.9249831e+00   1.3891600e+01
   6.9374831e+00   1.4006400e+01
   6.9499831e+00   1.4143400e+01
   6.9624931e+00   1.4275400e+01
   6.9749831e+00   1.4373400e+01
   6.9874831e+00   1.4434500e+01
   6.9999831e+00   1.4503100e+01
   7.0124931e+00   1.4549600e+01
   7.0249831e+00   1.4571800e+01
   7.0374831e+00   1.4557000e+01
   7.0499831e+00   1.4525300e+01
   7.0624831e+00   1.4481000e+01
   7.0749831e+00   1.4341700e+01
   7.0874831e+00   1.4221500e+01
   7.0999831e+00   1.4038100e+01
   7.1124931e+00   1.3837800e+01
   7.1249831e+00   1.3600900e+01
   7.1374831e+00   1.3303200e+01
   7.1499831e+00   1.3022600e+01
   7.1624931e+00   1.2747400e+01
   7.1749831e+00   1.2450400e+01
   7.1874831e+00   1.2095100e+01
   7.1999831e+00   1.1699400e+01
   7.2124931e+00   1.1372100e+01
   7.2249831e+00   1.1001300e+01
   7.2374831e+00   1.0632900e+01
   7.2499831e+00   1.0284800e+01
   7.2624931e+00   9.8768000e+00
   7.2749831e+00   9.4983800e+00
   7.2874831e+00   8.9948300e+00
   7.2999831e+00   8.5229400e+00
   7.3124831e+00   8.1007300e+00
   7.3249831e+00   7.6520100e+00
   7.3374831e+00   7.1440100e+00
   7.3499831e+00   6.6946900e+00
   7.3624931e+00   6.1665200e+00
   7.3749831e+00   5.7331800e+00
   7.3874831e+00   5.2192900e+00
   7.3999831e+00   4.7150900e+00
   7.4124931e+00   4.2693600e+00
   7.4249831e+00   3.7594700e+00
   7.4374831e+00   3.2863200e+00
   7.4499831e+00   2.8426400e+00
   7.4624931e+00   2.3852800e+00
   7.4749831e+00   1.9946300e+00
   7.4874831e+00   1.5184000e+00
   7.4999831e+00   1.0629800e+00
   7.5124931e+00   6.8107400e-01
   7.5249831e+00   2.3539700e-01
   7.5374831e+00  -2.0388800e-01
   7.5499831e+00  -5.8290000e-01
   7.5624831e+00  -9.8413400e-01
   7.5749831e+00  -1.4442400e+00
   7.5874831e+00  -1.8145700e+00
   7.5999831e+00  -2.2272900e+00
   7.6124931e+00  -2.5907700e+00
   7.6249831e+00  -2.9811700e+00
   7.6374831e+00  -3.3793000e+00
   7.6499831e+00  -3.7119800e+00
   7.6624931e+00  -4.0867900e+00
   7.6749831e+00  -4.4633100e+00
   7.6874831e+00  -4.8008300e+00
   7.6999831e+00  -5.1249600e+00
   7.7124931e+00  -5.4407000e+00
   7.7249831e+00  -5.7359200e+00
   7.7374831e+00  -6.1012500e+00
   7.7499831e+00  -6.3728500e+00
   7.7624931e+00  -6.6803100e+00
   7.7749831e+00  -6.9390800e+00
   7.7874831e+00  -7.1888100e+00
   7.7999831e+00  -7.4673000e+00
   7.8124831e+00  -7.6884600e+00
   7.8249831e+00  -7.9595100e+00
   7.8374831e+00  -8.1874200e+00
   7.8499831e+00  -8.3863200e+00
   7.8624931e+00  -8.5780200e+00
   7.8749831e+00  -8.7837000e+00
   7.8874831e+00  -8.9331600e+00
   7.8999831e+00  -9.0965500e+00
   7.9124931e+00  -9.2031100e+00
   7.9249831e+00  -9.3243100e+00
   7.9374831e+00  -9.5084200e+00
   7.9499831e+00  -9.6358100e+00
   7.9624931e+00  -9.7701300e+00
   7.9749831e+00  -9.9184900e+00
   7.9874831e+00  -1.0024800e+01
   7.9999831e+00  -1.0144900e+01
   8.0124931e+00  -1.0230100e+01
   8.0249831e+00  -1.0272700e+01
   8.0374831e+00  -1.0343200e+01
   8.0499831e+00  -1.0371900e+01
   8.0624831e+00  -1.0385700e+01
   8.0749831e+00  -1.0414400e+01
   8.0874831e+00  -1.0421300e+01
   8.0999831e+00  -1.0435300e+01
   8.1124931e+00  -1.0420700e+01
   8.1249831e+00  -1.0421300e+01
   8.1375031e+00  -1.0392800e+01
   8.1499831e+00  -1.0385100e+01
   8.1624931e+00  -1.0329200e+01
   8.1749831e+00  -1.0279700e+01
   8.1874831e+00  -1.0188100e+01
   8.1999831e+00  -1.0082000e+01
   8.2124931e+00  -9.9610900e+00
   8.2249831e+00  -9.8547800e+00
   8.2374831e+00  -9.6785500e+00
   8.2499831e+00  -9.5644500e+00
   8.2624931e+00  -9.3943200e+00
   8.2749831e+00  -9.2458600e+00
   8.2874831e+00  -9.1252600e+00
   8.2999831e+00  -8.9906900e+00
   8.3124831e+00  -8.7984800e+00
   8.3249831e+00  -8.6201600e+00
   8.3374831e+00  -8.4143800e+00
   8.3499831e+00  -8.2366100e+00
   8.3624931e+00  -7.9798400e+00
   8.3749831e+00  -7.7377500e+00
   8.3874831e+00  -7.5165300e+00
   8.3999831e+00  -7.2169700e+00
   8.4124931e+00  -6.9100100e+00
   8.4249831e+00  -6.6521000e+00
   8.4374831e+00  -6.3526300e+00
   8.4499831e+00  -6.0871200e+00
   8.4624931e+00  -5.7359200e+00
   8.4749831e+00  -5.3761400e+00
   8.4874831e+00  -5.0815600e+00
   8.4999831e+00  -4.6785800e+00
   8.5124931e+00  -4.2892800e+00
   8.5249831e+00  -3.9289000e+00
   8.5374831e+00  -3.5740000e+00
   8.5499831e+00  -3.1761200e+00
   8.5624831e+00  -2.8368500e+00
   8.5749831e+00  -2.4534400e+00
   8.5874831e+00  -2.1477900e+00
   8.5999831e+00  -1.8145700e+00
   8.6124931e+00  -1.4370500e+00
   8.6249831e+00  -1.1375400e+00
   8.6374831e+00  -8.5195400e-01
   8.6499831e+00  -5.5433700e-01
   8.6624931e+00  -2.7659400e-01
   8.6749831e+00   1.5629900e-02
   8.6874831e+00   2.6401000e-01
   8.6999831e+00   5.1383900e-01
   8.7124931e+00   8.0686200e-01
   8.7249831e+00   1.0257300e+00
   8.7374831e+00   1.2533400e+00
   8.7499831e+00   1.4223700e+00
   8.7624931e+00   1.6574700e+00
   8.7749831e+00   1.8181100e+00
   8.7874831e+00   1.9371600e+00
   8.7999831e+00   2.0778800e+00
   8.8124831e+00   2.1870400e+00
   8.8249831e+00   2.2674300e+00
   8.8374831e+00   2.3062300e+00
   8.8499831e+00   2.3493300e+00
   8.8624931e+00   2.3478800e+00
   8.8749831e+00   2.3206700e+00
   8.8874831e+00   2.2617400e+00
   8.8999831e+00   2.2100100e+00
   8.9124931e+00   2.1640700e+00
   8.9249831e+00   2.0692900e+00
   8.9374831e+00   1.9817000e+00
   8.9499831e+00   1.8697000e+00
   8.9624931e+00   1.7822100e+00
   8.9749831e+00   1.6416400e+00
   8.9874831e+00   1.5556500e+00
   8.9999831e+00   1.3923100e+00
   9.0124931e+00   1.2762600e+00
   9.0249831e+00   1.1431300e+00
   9.0374831e+00   9.8997700e-01
   9.0499831e+00   9.0129100e-01
   9.0624831e+00   7.6966000e-01
   9.0749831e+00   6.4392200e-01
   9.0874831e+00   5.1383900e-01
   9.0999831e+00   4.1102100e-01
   9.1124931e+00   3.1534400e-01
   9.1249831e+00   2.3404900e-01
   9.1374831e+00   1.1834800e-01
   9.1499831e+00   4.4193200e-02
   9.1624931e+00  -3.4355800e-02
   9.1749831e+00  -1.0127000e-01
   9.1874831e+00  -1.6688500e-01
   9.1999831e+00  -2.3250100e-01
   9.2124931e+00  -2.5387300e-01
   9.2249831e+00  -2.6950300e-01
   9.2374831e+00  -3.6488100e-01
   9.2499831e+00  -3.7921200e-01
   9.2624931e+00  -3.7077300e-01
   9.2749831e+00  -4.0058500e-01
   9.2874831e+00  -3.6488100e-01
   9.2999831e+00  -3.5059900e-01
   9.3124831e+00  -3.1364700e-01
   9.3249831e+00  -2.8373500e-01
   9.3374831e+00  -2.4673300e-01
   9.3499831e+00  -1.7532500e-01
   9.3624931e+00  -8.7038100e-02
   9.3749831e+00  -5.7925500e-03
   9.3874831e+00   8.8386300e-02
   9.3999831e+00   1.5540000e-01
   9.4124931e+00   3.2248500e-01
   9.4249831e+00   4.1102100e-01
   9.4374831e+00   5.4964300e-01
   9.4499831e+00   7.1817600e-01
   9.4624931e+00   9.0848200e-01
   9.4749831e+00   1.1000900e+00
   9.4874831e+00   1.2977300e+00
   9.4999831e+00   1.4740000e+00
   9.5124931e+00   1.6789900e+00
   9.5249831e+00   1.8568600e+00
   9.5374831e+00   2.0534600e+00
   9.5499831e+00   2.2602400e+00
   9.5624831e+00   2.4815600e+00
   9.5749831e+00   2.6585300e+00
   9.5874831e+00   2.8210700e+00
   9.5999831e+00   2.9894600e+00
   9.6124931e+00   3.1898000e+00
   9.6249831e+00   3.3526400e+00
   9.6374831e+00   3.4780800e+00
   9.6499931e+00   3.6395200e+00
   9.6624831e+00   3.7522700e+00
   9.6749831e+00   3.8475000e+00
   9.6874831e+00   3.9298500e+00
   9.6999831e+00   3.9875200e+00
   9.7124931e+00   4.0555800e+00
   9.7249831e+00   4.0915400e+00
   9.7374831e+00   4.0844000e+00
   9.7499831e+00   4.0859500e+00
   9.7624931e+00   4.0915400e+00
   9.7749831e+00   4.0627300e+00
   9.7874831e+00   4.0411000e+00
   9.7999831e+00   3.9802800e+00
   9.8124831e+00   3.9354900e+00
   9.8249831e+00   3.8314200e+00
   9.8374831e+00   3.7362900e+00
   9.8499831e+00   3.6483100e+00
   9.8624931e+00   3.5659600e+00
   9.8749831e+00   3.4477200e+00
   9.8874831e+00   3.3007600e+00
   9.8999831e+00   3.1753700e+00
   9.9124931e+00   3.0716000e+00
   9.9249831e+00   2.9607400e+00
   9.9374831e+00   2.8354500e+00
   9.9499831e+00   2.6944300e+00
   9.9624931e+00   2.5995100e+00
   9.9749831e+00   2.4744200e+00
   9.9874831e+00   2.3637600e+00
   9.9999431e+00   2.2674300e+00
   1.0012443e+01   2.1941800e+00
   1.0024943e+01   2.0764300e+00
   1.0037443e+01   2.0247500e+00
   1.0049943e+01   1.9515400e+00
   1.0062443e+01   1.9070500e+00
   1.0074943e+01   1.8482200e+00
   1.0087443e+01   1.8037300e+00
   1.0099943e+01   1.7678300e+00
   1.0112443e+01   1.7678300e+00
   1.0124943e+01   1.7162900e+00
   1.0137443e+01   1.7305700e+00
   1.0149943e+01   1.7077000e+00
   1.0162443e+01   1.7090500e+00
   1.0174943e+01   1.7176900e+00
   1.0187443e+01   1.7162900e+00
   1.0199943e+01   1.7305700e+00
   1.0212443e+01   1.7593400e+00
   1.0224943e+01   1.7678300e+00
   1.0237443e+01   1.7750700e+00
   1.0249943e+01   1.7822100e+00
   1.0262443e+01   1.7908500e+00
   1.0274943e+01   1.8037300e+00
   1.0287443e+01   1.8123700e+00
   1.0299943e+01   1.8568600e+00
   1.0312443e+01   1.8855300e+00
   1.0324943e+01   1.8768900e+00
   1.0337443e+01   1.8640000e+00
   1.0349943e+01   1.8553600e+00
   1.0362443e+01   1.8553600e+00
   1.0374943e+01   1.8338900e+00
   1.0387443e+01   1.7750700e+00
   1.0399943e+01   1.7162900e+00
   1.0412443e+01   1.6574700e+00
   1.0424943e+01   1.5327300e+00
   1.0437443e+01   1.4596700e+00
   1.0449943e+01   1.3206500e+00
   1.0462443e+01   1.2175800e+00
   1.0474943e+01   1.1431300e+00
   1.0487443e+01   9.8278600e-01
   1.0499943e+01   8.4980700e-01
   1.0512443e+01   7.1817600e-01
   1.0524943e+01   5.5808200e-01
   1.0537443e+01   4.0962300e-01
   1.0549943e+01   2.4833100e-01
   1.0562443e+01   9.6925300e-02
   1.0574943e+01  -4.9985700e-02
   1.0587443e+01  -2.2665900e-01
   1.0599943e+01  -4.0772600e-01
   1.0612443e+01  -5.5433700e-01
   1.0624943e+01  -7.2941200e-01
   1.0637443e+01  -9.0443700e-01
   1.0649943e+01  -1.0934900e+00
   1.0662443e+01  -1.2255700e+00
   1.0674943e+01  -1.3550600e+00
   1.0687443e+01  -1.5368200e+00
   1.0699943e+01  -1.6828400e+00
   1.0712443e+01  -1.8145700e+00
   1.0724943e+01  -1.9379600e+00
   1.0737443e+01  -2.0316400e+00
   1.0750043e+01  -2.1264700e+00
   1.0762443e+01  -2.1845400e+00
   1.0774943e+01  -2.2355300e+00
   1.0787443e+01  -2.2580000e+00
   1.0799943e+01  -2.2864600e+00
   1.0812443e+01  -2.2792700e+00
   1.0824943e+01  -2.2497100e+00
   1.0837443e+01  -2.2355300e+00
   1.0850043e+01  -2.1905300e+00
   1.0862443e+01  -2.1122800e+00
   1.0874943e+01  -2.0542100e+00
   1.0887443e+01  -2.0103100e+00
   1.0899943e+01  -1.9237300e+00
   1.0912443e+01  -1.8430300e+00
   1.0924943e+01  -1.7552900e+00
   1.0937443e+01  -1.6899800e+00
   1.0949943e+01  -1.5891100e+00
   1.0962443e+01  -1.4798000e+00
   1.0974943e+01  -1.3990000e+00
   1.0987443e+01  -1.3336300e+00
   1.0999943e+01  -1.2683200e+00
   1.1012443e+01  -1.1673500e+00
   1.1024943e+01  -1.1161600e+00
   1.1037443e+01  -1.0637800e+00
   1.1049943e+01  -1.0280800e+00
   1.1062443e+01  -9.7694400e-01
   1.1074943e+01  -9.6271200e-01
   1.1087443e+01  -9.4718200e-01
   1.1099943e+01  -9.3290000e-01
   1.1112443e+01  -9.3290000e-01
   1.1124943e+01  -9.6271200e-01
   1.1137443e+01  -9.6271200e-01
   1.1149943e+01  -9.9242400e-01
   1.1162443e+01  -9.9122500e-01
   1.1174943e+01  -9.9122500e-01
   1.1187443e+01  -1.0055100e+00
   1.1199943e+01  -1.0138000e+00
   1.1212443e+01  -9.9836600e-01
   1.1224943e+01  -1.0067600e+00
   1.1237443e+01  -9.8538300e-01
   1.1249943e+01  -9.6985300e-01
   1.1262443e+01  -8.8301400e-01
   1.1274943e+01  -8.4606200e-01
   1.1287443e+01  -7.7345500e-01
   1.1299943e+01  -7.0674100e-01
   1.1312443e+01  -5.8419900e-01
   1.1324943e+01  -4.6610100e-01
   1.1337443e+01  -3.3377100e-01
   1.1349943e+01  -1.6688500e-01
   1.1362443e+01   5.1383900e-02
   1.1374943e+01   2.1976700e-01
   1.1387443e+01   4.1102100e-01
   1.1399943e+01   6.3683100e-01
   1.1412443e+01   8.6548700e-01
   1.1424943e+01   1.0916000e+00
   1.1437443e+01   1.3479700e+00
   1.1449943e+01   1.5556500e+00
   1.1462443e+01   1.8195100e+00
   1.1474943e+01   2.0462700e+00
   1.1487443e+01   2.2818200e+00
   1.1499943e+01   2.5103200e+00
   1.1512443e+01   2.7030700e+00
   1.1524943e+01   2.8944800e+00
   1.1537443e+01   3.0932200e+00
   1.1549943e+01   3.2473200e+00
   1.1562443e+01   3.3901400e+00
   1.1574943e+01   3.5068400e+00
   1.1587443e+01   3.5530800e+00
   1.1599943e+01   3.6339300e+00
   1.1612443e+01   3.6698800e+00
   1.1624943e+01   3.6771200e+00
   1.1637443e+01   3.6771200e+00
   1.1649943e+01   3.6251900e+00
   1.1662443e+01   3.5530800e+00
   1.1674943e+01   3.4493100e+00
   1.1687443e+01   3.3079000e+00
   1.1699943e+01   3.1522500e+00
   1.1712443e+01   3.0500300e+00
   1.1724943e+01   2.8873400e+00
   1.1737443e+01   2.7246500e+00
   1.1749943e+01   2.5923200e+00
   1.1762443e+01   2.4888500e+00
   1.1774943e+01   2.3478800e+00
   1.1787443e+01   2.2315300e+00
   1.1799943e+01   2.1353000e+00
   1.1812443e+01   2.0692900e+00
   1.1824943e+01   2.0032200e+00
   1.1837443e+01   1.9873900e+00
   1.1849943e+01   1.9745100e+00
   1.1862443e+01   1.9802500e+00
   1.1874943e+01   1.9873900e+00
   1.1887443e+01   2.0190000e+00
   1.1899943e+01   2.0333300e+00
   1.1912443e+01   2.0835700e+00
   1.1924943e+01   2.1353000e+00
   1.1937443e+01   2.1870400e+00
   1.1949943e+01   2.2315300e+00
   1.1962443e+01   2.3119800e+00
   1.1974943e+01   2.3263600e+00
   1.1987443e+01   2.3780900e+00
   1.1999943e+01   2.4082500e+00
   1.2012443e+01   2.4154900e+00
   1.2024943e+01   2.4226300e+00
   1.2037443e+01   2.4370200e+00
   1.2049943e+01   2.3939200e+00
   1.2062443e+01   2.3925200e+00
   1.2074943e+01   2.3565700e+00
   1.2087443e+01   2.3048400e+00
   1.2099943e+01   2.2387200e+00
   1.2112443e+01   2.1870400e+00
   1.2124943e+01   2.1138300e+00
   1.2137443e+01   2.0247500e+00
   1.2149943e+01   1.9141900e+00
   1.2162443e+01   1.8338900e+00
   1.2174943e+01   1.7234300e+00
   1.2187443e+01   1.6215600e+00
   1.2199943e+01   1.4524300e+00
   1.2212443e+01   1.3779800e+00
   1.2224943e+01   1.2690700e+00
   1.2237443e+01   1.1660000e+00
   1.2249943e+01   1.0929900e+00
   1.2262443e+01   1.0257300e+00
   1.2274943e+01   9.2276300e-01
   1.2287443e+01   8.6548700e-01
   1.2299943e+01   7.9967200e-01
   1.2312443e+01   7.3250800e-01
   1.2324943e+01   6.8107400e-01
   1.2337443e+01   6.3817900e-01
   1.2349943e+01   6.0232500e-01
   1.2362443e+01   6.2249900e-01
   1.2374943e+01   5.9388600e-01
   1.2387443e+01   6.2249900e-01
   1.2399943e+01   6.2249900e-01
   1.2412443e+01   6.2249900e-01
   1.2424943e+01   6.0816800e-01
   1.2437443e+01   5.8669500e-01
   1.2449943e+01   5.2812100e-01
   1.2462443e+01   4.9815900e-01
   1.2474943e+01   4.3244400e-01
   1.2487443e+01   3.3102400e-01
   1.2499943e+01   2.1976700e-01
   1.2512443e+01   9.5577100e-02
   1.2524943e+01  -4.2795000e-02
   1.2537443e+01  -1.9679700e-01
   1.2549943e+01  -3.6358200e-01
   1.2562443e+01  -5.2447600e-01
   1.2574943e+01  -7.2097300e-01
   1.2587443e+01  -8.8176600e-01
   1.2599943e+01  -1.0708700e+00
   1.2612443e+01  -1.2314700e+00
   1.2624943e+01  -1.3705400e+00
   1.2637443e+01  -1.5309300e+00
   1.2649943e+01  -1.6389400e+00
   1.2662443e+01  -1.7054100e+00
   1.2674943e+01  -1.7849000e+00
   1.2687443e+01  -1.7921000e+00
   1.2699943e+01  -1.8145700e+00
   1.2712443e+01  -1.7694700e+00
   1.2724943e+01  -1.7339200e+00
   1.2737443e+01  -1.6472800e+00
   1.2749943e+01  -1.5510600e+00
   1.2762443e+01  -1.4584200e+00
   1.2774943e+01  -1.4203700e+00
   1.2787443e+01  -1.3123100e+00
   1.2799943e+01  -1.2029500e+00
   1.2812443e+01  -1.1148700e+00
   1.2824943e+01  -1.0650300e+00
   1.2837443e+01  -1.0138000e+00
   1.2849943e+01  -9.9242400e-01
   1.2862443e+01  -9.8413400e-01
   1.2874943e+01  -1.0637800e+00
   1.2887443e+01  -1.1518200e+00
   1.2899943e+01  -1.2968300e+00
   1.2912443e+01  -1.4442400e+00
   1.2924943e+01  -1.6401400e+00
   1.2937443e+01  -1.8501700e+00
   1.2949943e+01  -2.1039900e+00
   1.2962443e+01  -2.3149200e+00
   1.2974943e+01  -2.5765400e+00
   1.2987443e+01  -2.8073400e+00
   1.2999943e+01  -3.0401900e+00
   1.3012443e+01  -3.2270000e+00
   1.3024943e+01  -3.3945300e+00
   1.3037443e+01  -3.5030400e+00
   1.3049943e+01  -3.6034700e+00
   1.3062443e+01  -3.6328800e+00
   1.3074943e+01  -3.6459600e+00
   1.3087443e+01  -3.5751000e+00
   1.3099943e+01  -3.4665900e+00
   1.3112443e+01  -3.2717400e+00
   1.3124943e+01  -3.0898800e+00
   1.3137443e+01  -2.8155800e+00
   1.3149943e+01  -2.5256500e+00
   1.3162443e+01  -2.2497100e+00
   1.3174943e+01  -1.9664200e+00
   1.3187443e+01  -1.6330000e+00
   1.3199943e+01  -1.3764300e+00
   1.3212443e+01  -1.0934900e+00
   1.3224943e+01  -8.9724600e-01
   1.3237443e+01  -7.3655300e-01
   1.3249943e+01  -6.1146400e-01
   1.3262543e+01  -5.8290000e-01
   1.3274943e+01  -5.6147800e-01
   1.3287443e+01  -6.4127500e-01
   1.3299943e+01  -7.1513000e-01
   1.3312443e+01  -8.5315300e-01
   1.3324943e+01  -1.0436600e+00
   1.3337443e+01  -1.2314700e+00
   1.3349943e+01  -1.4287600e+00
   1.3362543e+01  -1.6175700e+00
   1.3374943e+01  -1.8501700e+00
   1.3387443e+01  -1.9877900e+00
   1.3399943e+01  -2.1110400e+00
   1.3412443e+01  -2.1549300e+00
   1.3424943e+01  -2.1845400e+00
   1.3437443e+01  -2.1264700e+00
   1.3449943e+01  -2.0530100e+00
   1.3462443e+01  -1.9154400e+00
   1.3474943e+01  -1.7042100e+00
   1.3487443e+01  -1.4501400e+00
   1.3499943e+01  -1.1743900e+00
   1.3512443e+01  -8.3767300e-01
   1.3524943e+01  -5.4719600e-01
   1.3537443e+01  -1.8116700e-01
   1.3549943e+01   1.8401300e-01
   1.3562443e+01   4.6105700e-01
   1.3574943e+01   7.1962500e-01
   1.3587443e+01   9.8138800e-01
   1.3599943e+01   1.1946600e+00
   1.3612443e+01   1.3636500e+00
   1.3624943e+01   1.4510300e+00
   1.3637443e+01   1.5026700e+00
   1.3649943e+01   1.5327300e+00
   1.3662443e+01   1.5098100e+00
   1.3674943e+01   1.4295600e+00
   1.3687443e+01   1.3049700e+00
   1.3699943e+01   1.2161400e+00
   1.3712443e+01   1.1445300e+00
   1.3724943e+01   1.0486500e+00
   1.3737443e+01   9.5991600e-01
   1.3749943e+01   9.2276300e-01
   1.3762443e+01   9.2411200e-01
   1.3774943e+01   9.2276300e-01
   1.3787443e+01   9.6131400e-01
   1.3799943e+01   9.8278600e-01
   1.3812443e+01   1.0773100e+00
   1.3824943e+01   1.1717900e+00
   1.3837443e+01   1.2161400e+00
   1.3849943e+01   1.2820000e+00
   1.3862443e+01   1.2977300e+00
   1.3874943e+01   1.2605800e+00
   1.3887443e+01   1.1874700e+00
   1.3899943e+01   1.0557900e+00
   1.3912443e+01   8.9415000e-01
   1.3924943e+01   6.2964000e-01
   1.3937443e+01   3.8106000e-01
   1.3949943e+01   5.2732200e-02
   1.3962543e+01  -2.3374900e-01
   1.3974943e+01  -6.1271200e-01
   1.3987443e+01  -9.6985300e-01
   1.3999943e+01  -1.2540900e+00
   1.4012443e+01  -1.5736800e+00
   1.4024943e+01  -1.8216600e+00
   1.4037443e+01  -1.9735600e+00
   1.4049943e+01  -2.0826200e+00
   1.4062443e+01  -2.1193700e+00
   1.4074943e+01  -2.0838200e+00
   1.4087443e+01  -1.9747600e+00
   1.4099943e+01  -1.8134200e+00
   1.4112443e+01  -1.5891100e+00
   1.4124943e+01  -1.3407800e+00
   1.4137443e+01  -1.0650300e+00
   1.4149943e+01  -7.4369400e-01
   1.4162443e+01  -4.0188300e-01
   1.4174943e+01  -1.5260400e-01
   1.4187443e+01   1.1834800e-01
   1.4199943e+01   3.1534400e-01
   1.4212443e+01   4.6105700e-01
   1.4224943e+01   5.4964300e-01
   1.4237443e+01   5.7960500e-01
   1.4249943e+01   5.2812100e-01
   1.4262443e+01   4.1102100e-01
   1.4274943e+01   2.4967900e-01
   1.4287443e+01   1.5629900e-02
   1.4299943e+01  -2.2531000e-01
   1.4312443e+01  -4.8043200e-01
   1.4324943e+01  -7.9487800e-01
   1.4337443e+01  -1.0209900e+00
   1.4349943e+01  -1.2611800e+00
   1.4362443e+01  -1.4715100e+00
   1.4374943e+01  -1.6247100e+00
   1.4387443e+01  -1.7267800e+00
   1.4399943e+01  -1.8276000e+00
   1.4412443e+01  -1.8715400e+00
   1.4424943e+01  -1.8941100e+00
   1.4437443e+01  -1.8573100e+00
   1.4449943e+01  -1.7921000e+00
   1.4462443e+01  -1.7054100e+00
   1.4474943e+01  -1.6460300e+00
   1.4487443e+01  -1.5593400e+00
   1.4499943e+01  -1.5154000e+00
   1.4512443e+01  -1.4287600e+00
   1.4524943e+01  -1.4287600e+00
   1.4537443e+01  -1.4144800e+00
   1.4549943e+01  -1.4287600e+00
   1.4562443e+01  -1.4798000e+00
   1.4574943e+01  -1.5665400e+00
   1.4587443e+01  -1.6828400e+00
   1.4599943e+01  -1.7849000e+00
   1.4612443e+01  -1.8798300e+00
   1.4624943e+01  -2.0091200e+00
   1.4637443e+01  -2.1253200e+00
   1.4649943e+01  -2.2201400e+00
   1.4662443e+01  -2.2639400e+00
   1.4674943e+01  -2.3362000e+00
   1.4687443e+01  -2.3658600e+00
   1.4699943e+01  -2.3800400e+00
   1.4712443e+01  -2.3516300e+00
   1.4724943e+01  -2.3149200e+00
   1.4737443e+01  -2.2781700e+00
   1.4749943e+01  -2.2130000e+00
   1.4762443e+01  -2.1477900e+00
   1.4774943e+01  -2.1110400e+00
   1.4787443e+01  -2.0174600e+00
   1.4799943e+01  -1.9807000e+00
   1.4812443e+01  -1.9509900e+00
   1.4824943e+01  -1.9367600e+00
   1.4837443e+01  -1.9521900e+00
   1.4849943e+01  -2.0020300e+00
   1.4862443e+01  -2.0316400e+00
   1.4874943e+01  -2.0672900e+00
   1.4887443e+01  -2.1051400e+00
   1.4899943e+01  -2.1122800e+00
   1.4912443e+01  -2.1419000e+00
   1.4924943e+01  -2.1549300e+00
   1.4937443e+01  -2.1407000e+00
   1.4949943e+01  -2.0897100e+00
   1.4962443e+01  -2.0387800e+00
   1.4974943e+01  -1.9735600e+00
   1.4987443e+01  -1.8869700e+00
   1.4999943e+01  -1.7694700e+00
   1.5012443e+01  -1.6828400e+00
   1.5024943e+01  -1.6104300e+00
   1.5037443e+01  -1.5523000e+00
   1.5049943e+01  -1.5154000e+00
   1.5062443e+01  -1.4869900e+00
   1.5074943e+01  -1.5224900e+00
   1.5087443e+01  -1.5665400e+00
   1.5099943e+01  -1.6460300e+00
   1.5112443e+01  -1.7481000e+00
   1.5124943e+01  -1.9012000e+00
   1.5137443e+01  -2.0826200e+00
   1.5149943e+01  -2.2343800e+00
   1.5162443e+01  -2.4167900e+00
   1.5174943e+01  -2.6334600e+00
   1.5187443e+01  -2.8013500e+00
   1.5199943e+01  -2.9527000e+00
   1.5212443e+01  -3.0756900e+00
   1.5224943e+01  -3.1560400e+00
   1.5237443e+01  -3.1560400e+00
   1.5249943e+01  -3.1477500e+00
   1.5262443e+01  -3.0320000e+00
   1.5274943e+01  -2.9231900e+00
   1.5287443e+01  -2.6996300e+00
   1.5299943e+01  -2.4392100e+00
   1.5312443e+01  -2.1845400e+00
   1.5324943e+01  -1.8726900e+00
   1.5337443e+01  -1.5665400e+00
   1.5349943e+01  -1.2611800e+00
   1.5362443e+01  -9.2585900e-01
   1.5374943e+01  -6.7103700e-01
   1.5387443e+01  -4.2914800e-01
   1.5399943e+01  -2.2531000e-01
   1.5412443e+01  -1.3697400e-01
   1.5424943e+01  -5.8474800e-02
   1.5437443e+01  -2.8563300e-02
   1.5449943e+01  -5.7076600e-02
   1.5462443e+01  -7.9897200e-02
   1.5474943e+01  -2.0388800e-01
   1.5487443e+01  -3.3511900e-01
   1.5499943e+01  -5.0310300e-01
   1.5512443e+01  -6.6394600e-01
   1.5524943e+01  -8.6748400e-01
   1.5537443e+01  -1.0650300e+00
   1.5549943e+01  -1.2029500e+00
   1.5562443e+01  -1.3265400e+00
   1.5575043e+01  -1.4287600e+00
   1.5587443e+01  -1.5083100e+00
   1.5599943e+01  -1.5083100e+00
   1.5612443e+01  -1.4869900e+00
   1.5624943e+01  -1.4061400e+00
   1.5637443e+01  -1.2766600e+00
   1.5649943e+01  -1.0792600e+00
   1.5662443e+01  -8.6748400e-01
   1.5674943e+01  -6.2694400e-01
   1.5687443e+01  -3.8625300e-01
   1.5699943e+01  -7.8549000e-02
   1.5712443e+01   1.7682300e-01
   1.5724943e+01   4.3244400e-01
   1.5737443e+01   7.0389500e-01
   1.5749943e+01   9.3844300e-01
   1.5762443e+01   1.1660000e+00
   1.5774943e+01   1.3278400e+00
   1.5787443e+01   1.4582200e+00
   1.5799943e+01   1.5412700e+00
   1.5812443e+01   1.5757700e+00
   1.5824943e+01   1.5556500e+00
   1.5837443e+01   1.4295600e+00
   1.5849943e+01   1.3421200e+00
   1.5862443e+01   1.1717900e+00
   1.5874943e+01   9.5991600e-01
   1.5887443e+01   7.5537900e-01
   1.5899943e+01   5.2098000e-01
   1.5912443e+01   3.2957600e-01
   1.5924943e+01   1.0990900e-01
   1.5937443e+01  -1.0127000e-01
   1.5949943e+01  -2.4094000e-01
   1.5962443e+01  -3.7921200e-01
   1.5974943e+01  -5.0180500e-01
   1.5987443e+01  -5.6147800e-01
   1.5999943e+01  -5.5308900e-01
   1.6012443e+01  -5.6861900e-01
   1.6024943e+01  -5.5433700e-01
   1.6037443e+01  -4.8752300e-01
   1.6049943e+01  -4.5186900e-01
   1.6062443e+01  -3.5644200e-01
   1.6074943e+01  -3.0645600e-01
   1.6087443e+01  -2.5522200e-01
   1.6099943e+01  -2.2531000e-01
   1.6112443e+01  -2.2531000e-01
   1.6124943e+01  -2.2531000e-01
   1.6137443e+01  -2.6236300e-01
   1.6149943e+01  -2.9092600e-01
   1.6162443e+01  -3.5779000e-01
   1.6174943e+01  -3.9344400e-01
   1.6187443e+01  -4.4472800e-01
   1.6199943e+01  -5.0310300e-01
   1.6212443e+01  -5.5433700e-01
   1.6224943e+01  -5.9843000e-01
   1.6237443e+01  -6.1271200e-01
   1.6249943e+01  -6.1271200e-01
   1.6262443e+01  -5.4005500e-01
   1.6274943e+01  -4.8173000e-01
   1.6287443e+01  -4.0058500e-01
   1.6299943e+01  -2.6950300e-01
   1.6312443e+01  -1.1690000e-01
   1.6324943e+01  -1.4281600e-02
   1.6337443e+01   1.3258000e-01
   1.6349943e+01   2.8673100e-01
   1.6362443e+01   3.9534200e-01
   1.6374943e+01   4.8387800e-01
   1.6387443e+01   5.9253800e-01
   1.6399943e+01   6.5965200e-01
   1.6412443e+01   6.6679200e-01
   1.6424943e+01   6.5965200e-01
   1.6437443e+01   6.5965200e-01
   1.6449943e+01   5.3526200e-01
   1.6462443e+01   4.6954600e-01
   1.6474943e+01   3.3102400e-01
   1.6487443e+01   1.8401300e-01
   1.6499943e+01   1.5629900e-02
   1.6512443e+01  -1.5260400e-01
   1.6524943e+01  -3.0520700e-01
   1.6537443e+01  -4.7329100e-01
   1.6549943e+01  -5.8290000e-01
   1.6562443e+01  -7.0089900e-01
   1.6574943e+01  -7.8773700e-01
   1.6587443e+01  -8.5315300e-01
   1.6599943e+01  -8.6034400e-01
   1.6612443e+01  -8.7457500e-01
   1.6624943e+01  -8.6748400e-01
   1.6637443e+01  -7.9487800e-01
   1.6649943e+01  -7.0089900e-01
   1.6662443e+01  -6.0557100e-01
   1.6674943e+01  -4.8882100e-01
   1.6687443e+01  -3.5644200e-01
   1.6699943e+01  -2.4673300e-01
   1.6712443e+01  -1.3832200e-01
   1.6724943e+01  -7.9897200e-02
   1.6737443e+01  -3.5704100e-02
   1.6749943e+01   1.4331600e-02
   1.6762443e+01   2.9961500e-02
   1.6774943e+01  -2.1322600e-02
   1.6787443e+01  -5.7076600e-02
   1.6799943e+01  -1.3832200e-01
   1.6812443e+01  -2.4673300e-01
   1.6824943e+01  -3.4935100e-01
   1.6837443e+01  -4.9596200e-01
   1.6849943e+01  -6.1146400e-01
   1.6862443e+01  -7.0674100e-01
   1.6874943e+01  -8.4606200e-01
   1.6887443e+01  -9.1147800e-01
   1.6899943e+01  -9.6271200e-01
   1.6912443e+01  -9.9836600e-01
   1.6924943e+01  -1.0055100e+00
   1.6937443e+01  -9.6271200e-01
   1.6949943e+01  -8.5315300e-01
   1.6962443e+01  -7.8773700e-01
   1.6974943e+01  -6.6978900e-01
   1.6987443e+01  -5.6861900e-01
   1.6999943e+01  -4.0772600e-01
   1.7012443e+01  -2.4094000e-01
   1.7024943e+01  -1.0846100e-01
   1.7037443e+01   5.9823100e-02
   1.7049943e+01   1.9829500e-01
   1.7062443e+01   3.0101300e-01
   1.7074943e+01   3.5249700e-01
   1.7087443e+01   3.8820100e-01
   1.7099943e+01   4.2530300e-01
   1.7112443e+01   3.9534200e-01
   1.7124943e+01   3.5249700e-01
   1.7137443e+01   2.7834200e-01
   1.7149943e+01   2.0673400e-01
   1.7162443e+01   1.0401600e-01
   1.7174943e+01  -4.2795000e-02
   1.7187443e+01  -1.8960600e-01
   1.7199943e+01  -2.9936500e-01
   1.7212443e+01  -4.5896000e-01
   1.7224943e+01  -5.6991700e-01
   1.7237443e+01  -7.0674100e-01
   1.7249943e+01  -7.8064600e-01
   1.7262443e+01  -8.5315300e-01
   1.7274943e+01  -8.8301400e-01
   1.7287443e+01  -9.1866900e-01
   1.7299943e+01  -9.1147800e-01
   1.7312443e+01  -9.1866900e-01
   1.7324943e+01  -8.8301400e-01
   1.7337443e+01  -8.3897100e-01
   1.7349943e+01  -7.5203300e-01
   1.7362443e+01  -6.9245900e-01
   1.7374943e+01  -6.3413400e-01
   1.7387443e+01  -5.6861900e-01
   1.7399943e+01  -4.8882100e-01
   1.7412443e+01  -4.2914800e-01
   1.7424943e+01  -3.5779000e-01
   1.7437443e+01  -3.0645600e-01
   1.7449943e+01  -2.1816900e-01
   1.7462443e+01  -1.7402600e-01
   1.7474943e+01  -1.0846100e-01
   1.7487443e+01  -7.2756400e-02
   1.7499943e+01  -1.4281600e-02
   1.7512443e+01  -1.2883400e-02
   1.7524943e+01  -5.7925500e-03
   1.7537443e+01   1.3982000e-03
   1.7549943e+01   3.7102300e-02
   1.7562443e+01   2.2770700e-02
   1.7574943e+01   1.3982000e-03
   1.7587443e+01   1.3982000e-03
   1.7599943e+01   1.5629900e-02
   1.7612443e+01   4.4193200e-02
   1.7624943e+01   2.9961500e-02
   1.7637443e+01   7.4104700e-02
   1.7649943e+01   1.6254100e-01
   1.7662443e+01   1.9829500e-01
   1.7674943e+01   2.8673100e-01
   1.7687443e+01   3.6677800e-01
   1.7699943e+01   4.7668700e-01
   1.7712443e+01   5.7820600e-01
   1.7724943e+01   6.6679200e-01
   1.7737443e+01   7.8539000e-01
   1.7749943e+01   9.3130200e-01
   1.7762443e+01   1.0257300e+00
   1.7774943e+01   1.1660000e+00
   1.7787443e+01   1.2605800e+00
   1.7799943e+01   1.3278400e+00
   1.7812443e+01   1.4008500e+00
   1.7824943e+01   1.4080400e+00
   1.7837443e+01   1.4137800e+00
   1.7849943e+01   1.4295600e+00
   1.7862443e+01   1.4295600e+00
   1.7874943e+01   1.3779800e+00
   1.7887443e+01   1.3120600e+00
   1.7899943e+01   1.2762600e+00
   1.7912443e+01   1.1946600e+00
   1.7924943e+01   1.1059300e+00
   1.7937443e+01   1.0414600e+00
   1.7949943e+01   9.8852900e-01
   1.7962443e+01   9.2990400e-01
   1.7974943e+01   8.6548700e-01
   1.7987443e+01   8.4980700e-01
   1.7999943e+01   8.4980700e-01
   1.8012443e+01   8.8690900e-01
   1.8024943e+01   9.3844300e-01
   1.8037443e+01   9.9571900e-01
   1.8049943e+01   1.1202600e+00
   1.8062443e+01   1.2090000e+00
   1.8074943e+01   1.3407300e+00
   1.8087543e+01   1.5098100e+00
   1.8099943e+01   1.6359500e+00
   1.8112443e+01   1.7894000e+00
   1.8124943e+01   1.9070500e+00
   1.8137443e+01   2.0103600e+00
   1.8149943e+01   2.1065900e+00
   1.8162443e+01   2.1496900e+00
   1.8174943e+01   2.1870400e+00
   1.8187443e+01   2.2172000e+00
   1.8199943e+01   2.2229400e+00
   1.8212443e+01   2.2243900e+00
   1.8224943e+01   2.2013700e+00
   1.8237443e+01   2.1496900e+00
   1.8249943e+01   2.1353000e+00
   1.8262443e+01   2.1195200e+00
   1.8274943e+01   2.1051400e+00
   1.8287443e+01   2.0318900e+00
   1.8299943e+01   2.0678400e+00
   1.8312443e+01   2.0405800e+00
   1.8324943e+01   2.0318900e+00
   1.8337443e+01   2.0835700e+00
   1.8349943e+01   2.1353000e+00
   1.8362443e+01   2.1439400e+00
   1.8374943e+01   2.2013700e+00
   1.8387443e+01   2.2530500e+00
   1.8399943e+01   2.3263600e+00
   1.8412443e+01   2.3780900e+00
   1.8424943e+01   2.3939200e+00
   1.8437443e+01   2.4585900e+00
   1.8449943e+01   2.4600400e+00
   1.8462443e+01   2.4585900e+00
   1.8474943e+01   2.4600400e+00
   1.8487443e+01   2.4657300e+00
   1.8499943e+01   2.4154900e+00
   1.8512443e+01   2.3852800e+00
   1.8524943e+01   2.3192200e+00
   1.8537443e+01   2.2602400e+00
   1.8549943e+01   2.1941800e+00
   1.8562443e+01   2.1138300e+00
   1.8574943e+01   2.0692900e+00
   1.8587443e+01   2.0462700e+00
   1.8599943e+01   1.9730600e+00
   1.8612443e+01   1.9357600e+00
   1.8624943e+01   1.8768900e+00
   1.8637443e+01   1.8267000e+00
   1.8649943e+01   1.8051800e+00
   1.8662443e+01   1.7593400e+00
   1.8674943e+01   1.7535400e+00
   1.8687443e+01   1.7305700e+00
   1.8699943e+01   1.7234300e+00
   1.8712443e+01   1.6933200e+00
   1.8724943e+01   1.6273100e+00
   1.8737443e+01   1.5915000e+00
   1.8749943e+01   1.5628400e+00
   1.8762443e+01   1.5254900e+00
   1.8774943e+01   1.4653700e+00
   1.8787443e+01   1.4080400e+00
   1.8799943e+01   1.3564600e+00
   1.8812443e+01   1.2991800e+00
   1.8824943e+01   1.2175800e+00
   1.8837443e+01   1.1516700e+00
   1.8849943e+01   1.1144700e+00
   1.8862443e+01   1.0114000e+00
   1.8874943e+01   9.3130200e-01
   1.8887443e+01   8.4261600e-01
   1.8899943e+01   7.7690100e-01
   1.8912443e+01   6.8107400e-01
   1.8924943e+01   6.0097700e-01
   1.8937443e+01   5.2812100e-01
   1.8949943e+01   4.5386600e-01
   1.8962443e+01   3.4525600e-01
   1.8974943e+01   2.6401000e-01
   1.8987443e+01   1.7682300e-01
   1.8999943e+01   1.1120700e-01
   1.9012443e+01   3.7102300e-02
   1.9024943e+01  -4.9985700e-02
   1.9037443e+01  -1.2404000e-01
   1.9049943e+01  -1.5260400e-01
   1.9062443e+01  -1.5969500e-01
   1.9074943e+01  -1.7402600e-01
   1.9087443e+01  -1.7532500e-01
   1.9099943e+01  -1.3118100e-01
   1.9112443e+01  -6.5515700e-02
   1.9124943e+01  -0.0000000e+00
   1.9137443e+01   6.6963900e-02
   1.9149943e+01   1.9115400e-01
   1.9162443e+01   2.7110100e-01
   1.9174943e+01   3.3811500e-01
   1.9187443e+01   4.3958500e-01
   1.9199943e+01   5.1968200e-01
   1.9212443e+01   5.7101600e-01
   1.9224943e+01   6.0097700e-01
   1.9237443e+01   6.0097700e-01
   1.9249943e+01   5.8669500e-01
   1.9262443e+01   5.2812100e-01
   1.9274943e+01   4.5526500e-01
   1.9287443e+01   3.5249700e-01
   1.9299943e+01   2.3539700e-01
   1.9312443e+01   8.9784500e-02
   1.9324943e+01  -1.0127000e-01
   1.9337443e+01  -3.0645600e-01
   1.9349943e+01  -4.5896000e-01
   1.9362443e+01  -6.6394600e-01
   1.9374943e+01  -8.2344100e-01
   1.9387443e+01  -1.0067600e+00
   1.9399943e+01  -1.1518200e+00
   1.9412443e+01  -1.2683200e+00
   1.9424943e+01  -1.3860200e+00
   1.9437443e+01  -1.4513300e+00
   1.9449943e+01  -1.4928800e+00
   1.9462443e+01  -1.5224900e+00
   1.9474943e+01  -1.5083100e+00
   1.9487443e+01  -1.5011700e+00
   1.9499943e+01  -1.4429400e+00
   1.9512443e+01  -1.3919600e+00
   1.9524943e+01  -1.3265400e+00
   1.9537443e+01  -1.2754600e+00
   1.9549943e+01  -1.1887200e+00
   1.9562443e+01  -1.1233100e+00
   1.9574943e+01  -1.0780100e+00
   1.9587443e+01  -1.0495000e+00
   1.9599943e+01  -9.6985300e-01
   1.9612443e+01  -9.5557100e-01
   1.9624943e+01  -9.0443700e-01
   1.9637443e+01  -8.6034400e-01
   1.9649943e+01  -8.1630000e-01
   1.9662443e+01  -7.7220700e-01
   1.9674943e+01  -6.9965000e-01
   1.9687443e+01  -6.4836600e-01
   1.9699943e+01  -5.5433700e-01
   1.9712443e+01  -4.7329100e-01
   1.9724943e+01  -3.6358200e-01
   1.9737443e+01  -2.6236300e-01
   1.9749943e+01  -1.2983300e-01
   1.9762443e+01  -4.9985700e-02
   1.9774943e+01   6.6963900e-02
   1.9787443e+01   1.4696100e-01
   1.9799943e+01   2.4253800e-01
   1.9812443e+01   2.8538300e-01
   1.9824943e+01   3.1534400e-01
   1.9837443e+01   3.5109800e-01
   1.9849943e+01   3.9534200e-01
   1.9862443e+01   4.3244400e-01
   1.9874943e+01   4.1811200e-01
   1.9887443e+01   3.9534200e-01
   1.9899943e+01   3.8820100e-01
   1.9912443e+01   3.4525600e-01
   1.9924943e+01   2.8538300e-01
   1.9937443e+01   2.5682000e-01
   1.9949943e+01   2.2825600e-01
   1.9962443e+01   1.9115400e-01
   1.9974943e+01   1.6973200e-01
   1.9987443e+01   1.2553900e-01
   1.9999943e+01   1.4696100e-01
   2.0012443e+01   1.6838300e-01
   2.0024943e+01   2.1392500e-01
   2.0037443e+01   2.5682000e-01
   2.0049943e+01   3.0825400e-01
   2.0062443e+01   3.2957600e-01
   2.0074943e+01   3.6677800e-01
   2.0087443e+01   4.0248200e-01
   2.0099943e+01   4.4098300e-01
   2.0112443e+01   4.5526500e-01
   2.0124943e+01   4.7668700e-01
   2.0137443e+01   5.0535000e-01
   2.0149943e+01   5.1968200e-01
   2.0162443e+01   5.1244100e-01
   2.0174943e+01   5.3526200e-01
   2.0187443e+01   5.4105400e-01
   2.0199943e+01   5.5094100e-01
   2.0212443e+01   5.5673400e-01
   2.0224943e+01   5.7960500e-01
   2.0237443e+01   5.7236400e-01
   2.0249943e+01   6.0816800e-01
   2.0262443e+01   6.1530900e-01
   2.0274943e+01   6.3098900e-01
   2.0287443e+01   6.5965200e-01
   2.0299943e+01   7.0389500e-01
   2.0312443e+01   7.2676500e-01
   2.0324943e+01   7.4818800e-01
   2.0337443e+01   7.9253100e-01
   2.0349943e+01   8.1979600e-01
   2.0362443e+01   8.3552600e-01
   2.0374943e+01   8.8690900e-01
   2.0387443e+01   8.9415000e-01
   2.0400043e+01   9.3844300e-01
   2.0412443e+01   9.4423600e-01
   2.0424943e+01   9.6710600e-01
   2.0437443e+01   9.3844300e-01
   2.0449943e+01   9.5991600e-01
   2.0462443e+01   9.8997700e-01
   2.0474943e+01   9.9711800e-01
   2.0487443e+01   1.0043100e+00
   2.0499943e+01   1.0329700e+00
   2.0512443e+01   1.0043100e+00
   2.0524943e+01   1.0114000e+00
   2.0537443e+01   9.3844300e-01
   2.0549943e+01   9.3844300e-01
   2.0562443e+01   8.9415000e-01
   2.0574943e+01   8.2119400e-01
   2.0587443e+01   7.4818800e-01
   2.0599943e+01   6.8242200e-01
   2.0612443e+01   5.7236400e-01
   2.0624943e+01   4.6105700e-01
   2.0637443e+01   3.1534400e-01
   2.0649943e+01   2.0543600e-01
   2.0662443e+01   4.5591400e-02
   2.0674943e+01  -1.0846100e-01
   2.0687443e+01  -2.4673300e-01
   2.0699943e+01  -3.8625300e-01
   2.0712443e+01  -5.0310300e-01
   2.0724943e+01  -6.1146400e-01
   2.0737443e+01  -6.9245900e-01
   2.0749943e+01  -7.3655300e-01
   2.0762443e+01  -7.7345500e-01
   2.0774943e+01  -7.7345500e-01
   2.0787443e+01  -7.6631500e-01
   2.0799943e+01  -6.7697900e-01
   2.0812443e+01  -6.3538300e-01
   2.0824943e+01  -5.6147800e-01
   2.0837443e+01  -4.9596200e-01
   2.0849943e+01  -3.6488100e-01
   2.0862443e+01  -2.9222400e-01
   2.0874943e+01  -2.2665900e-01
   2.0887443e+01  -1.7402600e-01
   2.0899943e+01  -8.7038100e-02
   2.0912443e+01  -7.8549000e-02
   2.0924943e+01  -4.9985700e-02
   2.0937443e+01  -5.7076600e-02
   2.0949943e+01  -3.5704100e-02
   2.0962443e+01  -8.5689800e-02
   2.0974943e+01  -1.3832200e-01
   2.0987443e+01  -2.2531000e-01
   2.0999943e+01  -2.9806700e-01
   2.1012443e+01  -4.1616500e-01
   2.1024943e+01  -5.3291500e-01
   2.1037443e+01  -6.6264800e-01
   2.1049943e+01  -8.1630000e-01
   2.1062443e+01  -9.4128900e-01
   2.1074943e+01  -1.1447300e+00
   2.1087443e+01  -1.2825500e+00
   2.1099943e+01  -1.4133300e+00
   2.1112443e+01  -1.5748200e+00
   2.1124943e+01  -1.7195900e+00
   2.1137443e+01  -1.8656000e+00
   2.1149943e+01  -1.9664200e+00
   2.1162443e+01  -2.0755300e+00
   2.1174943e+01  -2.1549300e+00
   2.1187443e+01  -2.2355300e+00
   2.1199943e+01  -2.2355300e+00
   2.1212443e+01  -2.2568500e+00
   2.1224943e+01  -2.2497100e+00
   2.1237443e+01  -2.2283800e+00
   2.1249943e+01  -2.1193700e+00
   2.1262443e+01  -2.0530100e+00
   2.1274943e+01  -1.9593300e+00
   2.1287443e+01  -1.8359400e+00
   2.1299943e+01  -1.7552900e+00
   2.1312443e+01  -1.6472800e+00
   2.1324943e+01  -1.5523000e+00
   2.1337443e+01  -1.4572300e+00
   2.1349943e+01  -1.3776300e+00
   2.1362443e+01  -1.3123100e+00
   2.1374943e+01  -1.2683200e+00
   2.1387443e+01  -1.2528400e+00
   2.1399943e+01  -1.2385600e+00
   2.1412443e+01  -1.2611800e+00
   2.1424943e+01  -1.2838000e+00
   2.1437443e+01  -1.3348800e+00
   2.1449943e+01  -1.3764300e+00
   2.1462443e+01  -1.4287600e+00
   2.1474943e+01  -1.5309300e+00
   2.1487443e+01  -1.5807700e+00
   2.1499943e+01  -1.6531700e+00
   2.1512443e+01  -1.7564900e+00
   2.1524943e+01  -1.7921000e+00
   2.1537443e+01  -1.8941100e+00
   2.1549943e+01  -1.9154400e+00
   2.1562443e+01  -1.9889900e+00
   2.1574943e+01  -2.0245000e+00
   2.1587443e+01  -2.0683900e+00
   2.1599943e+01  -2.0826200e+00
   2.1612443e+01  -2.0968500e+00
   2.1624943e+01  -2.0826200e+00
   2.1637443e+01  -2.0683900e+00
   2.1649943e+01  -1.9960800e+00
   2.1662443e+01  -1.9735600e+00
   2.1674943e+01  -1.9083000e+00
   2.1687443e+01  -1.8501700e+00
   2.1699943e+01  -1.7778100e+00
   2.1712443e+01  -1.7195900e+00
   2.1724943e+01  -1.6318500e+00
   2.1737443e+01  -1.5523000e+00
   2.1749943e+01  -1.4358500e+00
   2.1762443e+01  -1.3776300e+00
   2.1774943e+01  -1.3194000e+00
   2.1787443e+01  -1.3123100e+00
   2.1799943e+01  -1.2683200e+00
   2.1812443e+01  -1.2540900e+00
   2.1824943e+01  -1.2314700e+00
   2.1837443e+01  -1.2599300e+00
   2.1849943e+01  -1.2838000e+00
   2.1862443e+01  -1.3336300e+00
   2.1874943e+01  -1.3990000e+00
   2.1887443e+01  -1.4643200e+00
   2.1899943e+01  -1.5379700e+00
   2.1912443e+01  -1.6401400e+00
   2.1924943e+01  -1.6686000e+00
   2.1937443e+01  -1.7126000e+00
   2.1949943e+01  -1.7267800e+00
   2.1962443e+01  -1.7493500e+00
   2.1974943e+01  -1.7339200e+00
   2.1987443e+01  -1.6899800e+00
   2.1999943e+01  -1.6175700e+00
   2.2012443e+01  -1.4869900e+00
   2.2024943e+01  -1.3931100e+00
   2.2037443e+01  -1.2896900e+00
   2.2049943e+01  -1.1375400e+00
   2.2062443e+01  -1.0209900e+00
   2.2074943e+01  -8.8301400e-01
   2.2087443e+01  -7.5083400e-01
   2.2099943e+01  -6.2694400e-01
   2.2112443e+01  -5.4594800e-01
   2.2124943e+01  -4.5186900e-01
   2.2137443e+01  -3.9344400e-01
   2.2149943e+01  -3.3511900e-01
   2.2162443e+01  -3.2078700e-01
   2.2174943e+01  -3.1364700e-01
   2.2187443e+01  -3.2792800e-01
   2.2199943e+01  -3.6358200e-01
   2.2212443e+01  -4.1616500e-01
   2.2224943e+01  -4.7329100e-01
   2.2237443e+01  -5.3291500e-01
   2.2249943e+01  -5.6147800e-01
   2.2262443e+01  -6.1271200e-01
   2.2274943e+01  -6.8536900e-01
   2.2287443e+01  -6.9245900e-01
   2.2299943e+01  -7.2232100e-01
   2.2312443e+01  -7.5083400e-01
   2.2324943e+01  -7.5083400e-01
   2.2337443e+01  -7.6511600e-01
   2.2349943e+01  -7.2232100e-01
   2.2362443e+01  -6.9245900e-01
   2.2374943e+01  -6.5680500e-01
   2.2387443e+01  -6.1271200e-01
   2.2399943e+01  -5.7580900e-01
   2.2412443e+01  -5.1743500e-01
   2.2424943e+01  -4.5896000e-01
   2.2437443e+01  -3.8625300e-01
   2.2449943e+01  -2.9092600e-01
   2.2462443e+01  -2.4094000e-01
   2.2474943e+01  -1.6688500e-01
   2.2487443e+01  -1.0846100e-01
   2.2499943e+01  -3.5704100e-02
   2.2512543e+01  -5.7925500e-03
   2.2524943e+01   2.2770700e-02
   2.2537443e+01   2.2770700e-02
   2.2549943e+01   6.6963900e-02
   2.2562443e+01   3.7102300e-02
   2.2574943e+01   9.8373500e-03
   2.2587443e+01   8.4890800e-03
   2.2599943e+01  -1.4281600e-02
   2.2612543e+01  -7.1408200e-02
   2.2624943e+01  -1.4541300e-01
   2.2637443e+01  -2.1102900e-01
   2.2649943e+01  -2.5522200e-01
   2.2662443e+01  -3.5059900e-01
   2.2674943e+01  -4.0188300e-01
   2.2687443e+01  -4.6744900e-01
   2.2699943e+01  -5.2577400e-01
   2.2712443e+01  -5.7580900e-01
   2.2724943e+01  -6.1990300e-01
   2.2737443e+01  -6.5680500e-01
   2.2749943e+01  -6.5680500e-01
   2.2762443e+01  -6.9245900e-01
   2.2774943e+01  -6.8536900e-01
   2.2787443e+01  -6.8536900e-01
   2.2799943e+01  -6.7103700e-01
   2.2812443e+01  -6.7822800e-01
   2.2824943e+01  -6.7103700e-01
   2.2837443e+01  -6.9245900e-01
   2.2849943e+01  -6.9121100e-01
   2.2862443e+01  -7.1388200e-01
   2.2874943e+01  -7.6511600e-01
   2.2887443e+01  -8.0201900e-01
   2.2899943e+01  -8.0910900e-01
   2.2912443e+01  -8.7587400e-01
   2.2924943e+01  -9.4009100e-01
   2.2937443e+01  -1.0578900e+00
   2.2949943e+01  -1.0934900e+00
   2.2962443e+01  -1.1661000e+00
   2.2974943e+01  -1.1957600e+00
   2.2987443e+01  -1.2670700e+00
   2.2999943e+01  -1.2980300e+00
   2.3012443e+01  -1.3562600e+00
   2.3024943e+01  -1.3479200e+00
   2.3037443e+01  -1.3336300e+00
   2.3049943e+01  -1.2754600e+00
   2.3062443e+01  -1.2029500e+00
   2.3074943e+01  -1.1375400e+00
   2.3087443e+01  -1.0352200e+00
   2.3099943e+01  -9.1866900e-01
   2.3112443e+01  -8.0201900e-01
   2.3124943e+01  -6.9965000e-01
   2.3137443e+01  -5.6861900e-01
   2.3149943e+01  -4.5896000e-01
   2.3162443e+01  -3.7077300e-01
   2.3174943e+01  -3.1234800e-01
   2.3187443e+01  -2.5522200e-01
   2.3199943e+01  -2.2531000e-01
   2.3212443e+01  -2.4803100e-01
   2.3224943e+01  -2.8373500e-01
   2.3237443e+01  -3.4216000e-01
   2.3249943e+01  -4.5057100e-01
   2.3262443e+01  -5.6991700e-01
   2.3274943e+01  -7.1513000e-01
   2.3287443e+01  -8.6748400e-01
   2.3299943e+01  -1.0578900e+00
   2.3312443e+01  -1.2100400e+00
   2.3324943e+01  -1.4144800e+00
   2.3337443e+01  -1.5523000e+00
   2.3349943e+01  -1.7255300e+00
   2.3362443e+01  -1.8726900e+00
   2.3374943e+01  -1.9309200e+00
   2.3387443e+01  -1.9735600e+00
   2.3399943e+01  -2.0031700e+00
   2.3412443e+01  -1.9877900e+00
   2.3424943e+01  -1.8941100e+00
   2.3437443e+01  -1.7849000e+00
   2.3449943e+01  -1.6543700e+00
   2.3462443e+01  -1.5224900e+00
   2.3474943e+01  -1.3420200e+00
   2.3487443e+01  -1.1148700e+00
   2.3499943e+01  -8.7457500e-01
   2.3512443e+01  -6.7103700e-01
   2.3524943e+01  -4.8882100e-01
   2.3537443e+01  -2.7789300e-01
   2.3549943e+01  -1.0002100e-01
   2.3562443e+01   2.2770700e-02
   2.3574943e+01   1.0990900e-01
   2.3587443e+01   1.5540000e-01
   2.3599943e+01   1.3982000e-01
   2.3612443e+01   1.0990900e-01
   2.3624943e+01   1.5629900e-02
   2.3637443e+01  -7.8549000e-02
   2.3649943e+01  -2.1816900e-01
   2.3662443e+01  -4.0058500e-01
   2.3674943e+01  -5.8290000e-01
   2.3687443e+01  -7.5083400e-01
   2.3699943e+01  -9.2585900e-01
   2.3712443e+01  -1.0792600e+00
   2.3724943e+01  -1.2171800e+00
   2.3737443e+01  -1.3265400e+00
   2.3749943e+01  -1.3776300e+00
   2.3762443e+01  -1.4133300e+00
   2.3774943e+01  -1.3919600e+00
   2.3787443e+01  -1.3479200e+00
   2.3799943e+01  -1.2457000e+00
   2.3812443e+01  -1.1148700e+00
   2.3824943e+01  -9.4843000e-01
   2.3837443e+01  -7.0803900e-01
   2.3849943e+01  -5.0310300e-01
   2.3862443e+01  -2.8373500e-01
   2.3874943e+01  -4.9985700e-02
   2.3887443e+01   1.6119300e-01
   2.3899943e+01   3.7521700e-01
   2.3912443e+01   5.4240200e-01
   2.3924943e+01   7.1817600e-01
   2.3937443e+01   8.7123000e-01
   2.3949943e+01   9.4423600e-01
   2.3962443e+01   9.7559500e-01
   2.3974943e+01   9.6710600e-01
   2.3987443e+01   9.3844300e-01
   2.3999943e+01   8.8690900e-01
   2.4012443e+01   7.3390600e-01
   2.4024943e+01   6.3098900e-01
   2.4037443e+01   4.7668700e-01
   2.4049943e+01   3.3811500e-01
   2.4062443e+01   1.6119300e-01
   2.4074943e+01  -1.4281600e-02
   2.4087443e+01  -1.2274200e-01
   2.4099943e+01  -2.3959200e-01
   2.4112443e+01  -3.2792800e-01
   2.4124943e+01  -3.6358200e-01
   2.4137443e+01  -3.7921200e-01
   2.4149943e+01  -3.4935100e-01
   2.4162443e+01  -3.3511900e-01
   2.4174943e+01  -2.1816900e-01
   2.4187443e+01  -1.2404000e-01
   2.4199943e+01   2.2770700e-02
   2.4212443e+01   1.5540000e-01
   2.4224943e+01   2.7959000e-01
   2.4237443e+01   4.5386600e-01
   2.4249943e+01   6.0097700e-01
   2.4262443e+01   7.5537900e-01
   2.4274943e+01   8.9275200e-01
   2.4287443e+01   9.8852900e-01
   2.4299943e+01   1.0929900e+00
   2.4312443e+01   1.1588600e+00
   2.4324943e+01   1.1946600e+00
   2.4337443e+01   1.2103400e+00
   2.4349943e+01   1.1874700e+00
   2.4362443e+01   1.1516700e+00
   2.4374943e+01   1.1130700e+00
   2.4387443e+01   1.0486500e+00
   2.4399943e+01   1.0186400e+00
   2.4412443e+01   9.2411200e-01
   2.4424943e+01   8.5689800e-01
   2.4437443e+01   7.9118300e-01
   2.4449943e+01   7.2536700e-01
   2.4462443e+01   6.7523200e-01
   2.4474943e+01   6.2384800e-01
   2.4487443e+01   6.0951600e-01
   2.4499943e+01   6.3098900e-01
   2.4512443e+01   6.0816800e-01
   2.4524943e+01   6.3683100e-01
   2.4537443e+01   6.5965200e-01
   2.4549943e+01   6.9675400e-01
   2.4562443e+01   7.2536700e-01
   2.4574943e+01   7.6251900e-01
   2.4587443e+01   7.8399200e-01
   2.4599943e+01   8.3552600e-01
   2.4612443e+01   8.2828500e-01
   2.4624943e+01   8.3552600e-01
   2.4637443e+01   8.4261600e-01
   2.4649943e+01   8.3552600e-01
   2.4662443e+01   7.9118300e-01
   2.4674943e+01   7.6966000e-01
   2.4687443e+01   7.2536700e-01
   2.4699943e+01   7.0389500e-01
   2.4712443e+01   6.3817900e-01
   2.4725043e+01   6.3817900e-01
   2.4737443e+01   6.0097700e-01
   2.4749943e+01   5.5673400e-01
   2.4762443e+01   5.5673400e-01
   2.4774943e+01   6.0097700e-01
   2.4787443e+01   6.0816800e-01
   2.4799943e+01   6.5246100e-01
   2.4812443e+01   7.0968700e-01
   2.4825043e+01   7.5537900e-01
   2.4837443e+01   7.9827300e-01
   2.4849943e+01   8.3552600e-01
   2.4862443e+01   8.7842000e-01
   2.4874943e+01   9.0983000e-01
   2.4887443e+01   9.6710600e-01
   2.4899943e+01   9.8997700e-01
   2.4912443e+01   1.0043100e+00
   2.4924943e+01   9.9571900e-01
   2.4937443e+01   9.8852900e-01
   2.4949943e+01   9.4558400e-01
   2.4962443e+01   8.8690900e-01
   2.4974943e+01   7.9827300e-01
   2.4987443e+01   7.4818800e-01
   2.4999943e+01   6.5965200e-01
   2.5012443e+01   5.7960500e-01
   2.5024943e+01   4.8387800e-01
   2.5037443e+01   3.9534200e-01
   2.5049943e+01   3.0685500e-01
   2.5062443e+01   2.2685800e-01
   2.5074943e+01   1.6973200e-01
   2.5087443e+01   1.3258000e-01
   2.5099943e+01   1.3258000e-01
   2.5112443e+01   7.4104700e-02
   2.5124943e+01   9.6925300e-02
   2.5137443e+01   1.1834800e-01
   2.5149943e+01   1.6254100e-01
   2.5162443e+01   2.1976700e-01
   2.5174943e+01   2.8673100e-01
   2.5187443e+01   3.8820100e-01
   2.5199943e+01   4.6235500e-01
   2.5212443e+01   5.5673400e-01
   2.5224943e+01   6.2964000e-01
   2.5237443e+01   7.3390600e-01
   2.5249943e+01   8.1260500e-01
   2.5262443e+01   8.1400300e-01
   2.5274943e+01   8.2828500e-01
   2.5287443e+01   8.3552600e-01
   2.5299943e+01   8.1260500e-01
   2.5312443e+01   7.4104700e-01
   2.5324943e+01   6.8107400e-01
   2.5337443e+01   6.3817900e-01
   2.5349943e+01   5.4964300e-01
   2.5362443e+01   4.6235500e-01
   2.5374943e+01   3.8106000e-01
   2.5387443e+01   3.2957600e-01
   2.5399943e+01   2.7959000e-01
   2.5412443e+01   2.0543600e-01
   2.5424943e+01   1.9959300e-01
   2.5437443e+01   1.6119300e-01
   2.5449943e+01   1.6119300e-01
   2.5462443e+01   1.6254100e-01
   2.5474943e+01   1.8401300e-01
   2.5487443e+01   2.1257700e-01
   2.5499943e+01   2.7110100e-01
   2.5512443e+01   3.2248500e-01
   2.5524943e+01   3.8106000e-01
   2.5537443e+01   4.6235500e-01
   2.5549943e+01   5.2812100e-01
   2.5562443e+01   5.8669500e-01
   2.5574943e+01   6.5246100e-01
   2.5587443e+01   7.0389500e-01
   2.5599943e+01   7.3964900e-01
   2.5612443e+01   7.3964900e-01
   2.5624943e+01   7.3964900e-01
   2.5637443e+01   7.3964900e-01
   2.5649943e+01   7.0968700e-01
   2.5662443e+01   6.6679200e-01
   2.5674943e+01   6.3683100e-01
   2.5687443e+01   5.9523500e-01
   2.5699943e+01   5.5673400e-01
   2.5712443e+01   4.8387800e-01
   2.5724943e+01   4.9815900e-01
   2.5737443e+01   4.5526500e-01
   2.5749943e+01   4.3958500e-01
   2.5762443e+01   4.1102100e-01
   2.5774943e+01   4.3958500e-01
   2.5787443e+01   4.7668700e-01
   2.5799943e+01   4.3244400e-01
   2.5812443e+01   4.3958500e-01
   2.5824943e+01   4.6105700e-01
   2.5837443e+01   4.8387800e-01
   2.5849943e+01   4.9815900e-01
   2.5862443e+01   4.8387800e-01
   2.5874943e+01   4.9101900e-01
   2.5887443e+01   4.9815900e-01
   2.5899943e+01   5.1383900e-01
   2.5912443e+01   5.2812100e-01
   2.5924943e+01   5.1968200e-01
   2.5937443e+01   5.4964300e-01
   2.5949943e+01   5.7960500e-01
   2.5962443e+01   5.8669500e-01
   2.5974943e+01   6.3683100e-01
   2.5987443e+01   6.9675400e-01
   2.5999943e+01   7.4818800e-01
   2.6012443e+01   8.2828500e-01
   2.6024943e+01   8.9415000e-01
   2.6037443e+01   9.8138800e-01
   2.6049943e+01   1.0473000e+00
   2.6062443e+01   1.1503200e+00
   2.6074943e+01   1.2462500e+00
   2.6087443e+01   1.3278400e+00
   2.6099943e+01   1.3865700e+00
   2.6112443e+01   1.4223700e+00
   2.6124943e+01   1.4596700e+00
   2.6137443e+01   1.4596700e+00
   2.6149943e+01   1.4453400e+00
   2.6162443e+01   1.3564600e+00
   2.6174943e+01   1.2891900e+00
   2.6187443e+01   1.2246800e+00
   2.6199943e+01   1.1359900e+00
   2.6212443e+01   9.7559500e-01
   2.6224943e+01   8.4261600e-01
   2.6237443e+01   7.4104700e-01
   2.6249943e+01   6.0816800e-01
   2.6262443e+01   4.9815900e-01
   2.6274943e+01   4.5386600e-01
   2.6287443e+01   4.1811200e-01
   2.6299943e+01   3.9674000e-01
   2.6312443e+01   3.8820100e-01
   2.6324943e+01   4.3244400e-01
   2.6337443e+01   4.7668700e-01
   2.6349943e+01   5.7101600e-01
   2.6362443e+01   6.6679200e-01
   2.6374943e+01   7.6831200e-01
   2.6387443e+01   9.1697100e-01
   2.6399943e+01   1.0114000e+00
   2.6412443e+01   1.1431300e+00
   2.6424943e+01   1.2390100e+00
   2.6437443e+01   1.3421200e+00
   2.6449943e+01   1.4438900e+00
   2.6462443e+01   1.4882900e+00
   2.6474943e+01   1.5098100e+00
   2.6487443e+01   1.5484600e+00
   2.6499943e+01   1.5542000e+00
   2.6512443e+01   1.5254900e+00
   2.6524943e+01   1.5098100e+00
   2.6537443e+01   1.4438900e+00
   2.6549943e+01   1.4223700e+00
   2.6562443e+01   1.3349800e+00
   2.6574943e+01   1.2905900e+00
   2.6587443e+01   1.2462500e+00
   2.6599943e+01   1.2018000e+00
   2.6612443e+01   1.1216600e+00
   2.6624943e+01   1.0844100e+00
   2.6637443e+01   1.0543400e+00
   2.6649943e+01   1.0543400e+00
   2.6662443e+01   1.0473000e+00
   2.6674943e+01   1.0414600e+00
   2.6687443e+01   1.0629800e+00
   2.6699943e+01   1.1059300e+00
   2.6712443e+01   1.1130700e+00
   2.6724943e+01   1.1073300e+00
   2.6737443e+01   1.1202600e+00
   2.6749943e+01   1.1144700e+00
   2.6762443e+01   1.0929900e+00
   2.6774943e+01   1.0773100e+00
   2.6787443e+01   1.0629800e+00
   2.6799943e+01   1.0257300e+00
   2.6812443e+01   9.5991600e-01
   2.6824943e+01   9.0848200e-01
   2.6837543e+01   8.4980700e-01
   2.6849943e+01   7.6251900e-01
   2.6862443e+01   6.6679200e-01
   2.6874943e+01   6.3683100e-01
   2.6887443e+01   6.0816800e-01
   2.6899943e+01   5.7101600e-01
   2.6912443e+01   5.7820600e-01
   2.6924943e+01   5.8529700e-01
   2.6937443e+01   6.0097700e-01
   2.6949943e+01   6.0816800e-01
   2.6962443e+01   6.3098900e-01
   2.6974943e+01   6.7393300e-01
   2.6987443e+01   7.4818800e-01
   2.6999943e+01   7.9967200e-01
   2.7012443e+01   8.4980700e-01
   2.7024943e+01   9.0129100e-01
   2.7037443e+01   8.9415000e-01
   2.7049943e+01   9.8138800e-01
   2.7062443e+01   9.8997700e-01
   2.7074943e+01   9.7424700e-01
   2.7087443e+01   1.0343200e+00
   2.7099943e+01   9.8997700e-01
   2.7112443e+01   9.9711800e-01
   2.7124943e+01   9.4558400e-01
   2.7137443e+01   8.7257800e-01
   2.7149943e+01   8.2119400e-01
   2.7162443e+01   7.3964900e-01
   2.7174943e+01   6.8242200e-01
   2.7187443e+01   5.9523500e-01
   2.7199943e+01   4.6105700e-01
   2.7212443e+01   3.6677800e-01
   2.7224943e+01   2.7245000e-01
   2.7237443e+01   2.0543600e-01
   2.7249943e+01   1.1834800e-01
   2.7262443e+01   5.2732200e-02
   2.7274943e+01  -1.4281600e-02
   2.7287443e+01  -7.2756400e-02
   2.7299943e+01  -1.2404000e-01
   2.7312443e+01  -1.3832200e-01
   2.7324943e+01  -1.5260400e-01
   2.7337443e+01  -1.5969500e-01
   2.7349943e+01  -1.4416500e-01
   2.7362443e+01  -1.5260400e-01
   2.7374943e+01  -1.8116700e-01
   2.7387443e+01  -1.1690000e-01
   2.7399943e+01  -8.7038100e-02
   2.7412443e+01  -5.7076600e-02
   2.7424943e+01  -2.0074200e-02
   2.7437443e+01   1.5629900e-02
   2.7449943e+01   4.4193200e-02
   2.7462443e+01   7.4104700e-02
   2.7474943e+01   9.6925300e-02
   2.7487443e+01   9.6925300e-02
   2.7499943e+01   8.8386300e-02
   2.7512443e+01   7.4104700e-02
   2.7524943e+01   3.1259800e-02
   2.7537443e+01   2.2770700e-02
   2.7549943e+01  -2.1322600e-02
   2.7562443e+01  -6.4267400e-02
   2.7574943e+01  -1.7402600e-01
   2.7587443e+01  -2.1102900e-01
   2.7599943e+01  -2.9092600e-01
   2.7612443e+01  -3.4350800e-01
   2.7624943e+01  -3.7786400e-01
   2.7637443e+01  -4.2914800e-01
   2.7649943e+01  -4.8173000e-01
   2.7662443e+01  -5.3880700e-01
   2.7674943e+01  -5.9843000e-01
   2.7687443e+01  -5.9004100e-01
   2.7699943e+01  -6.4127500e-01
   2.7712443e+01  -6.6978900e-01
   2.7724943e+01  -6.7822800e-01
   2.7737443e+01  -6.9245900e-01
   2.7749943e+01  -7.1388200e-01
   2.7762443e+01  -7.4369400e-01
   2.7774943e+01  -7.7939800e-01
   2.7787443e+01  -7.6511600e-01
   2.7799943e+01  -7.9487800e-01
   2.7812443e+01  -8.3053200e-01
   2.7824943e+01  -8.3897100e-01
   2.7837443e+01  -8.6748400e-01
   2.7849943e+01  -8.9724600e-01
   2.7862443e+01  -9.5432300e-01
   2.7874943e+01  -9.8413400e-01
   2.7887443e+01  -1.0269300e+00
   2.7899943e+01  -1.0650300e+00
   2.7912443e+01  -1.1148700e+00
   2.7924943e+01  -1.1148700e+00
   2.7937443e+01  -1.1447300e+00
   2.7949943e+01  -1.1803300e+00
   2.7962443e+01  -1.2171800e+00
   2.7974943e+01  -1.1957600e+00
   2.7987443e+01  -1.1601600e+00
   2.7999943e+01  -1.1589100e+00
   2.8012443e+01  -1.1518200e+00
   2.8024943e+01  -1.0864500e+00
   2.8037443e+01  -1.0495000e+00
   2.8049943e+01  -9.8413400e-01
   2.8062443e+01  -9.6146400e-01
   2.8074943e+01  -9.4128900e-01
   2.8087443e+01  -8.7457500e-01
   2.8099943e+01  -8.6873300e-01
   2.8112443e+01  -8.5315300e-01
   2.8124943e+01  -8.3897100e-01
   2.8137443e+01  -7.6511600e-01
   2.8149943e+01  -7.6511600e-01
   2.8162443e+01  -7.7939800e-01
   2.8174943e+01  -7.7939800e-01
   2.8187443e+01  -7.8773700e-01
   2.8199943e+01  -7.8773700e-01
   2.8212443e+01  -8.3897100e-01
   2.8224943e+01  -8.6164200e-01
   2.8237443e+01  -8.6034400e-01
   2.8249943e+01  -9.1866900e-01
   2.8262443e+01  -9.4843000e-01
   2.8274943e+01  -9.6271200e-01
   2.8287443e+01  -9.9836600e-01
   2.8299943e+01  -1.0055100e+00
   2.8312443e+01  -1.0209900e+00
   2.8324943e+01  -1.0352200e+00
   2.8337443e+01  -1.0138000e+00
   2.8349943e+01  -9.8413400e-01
   2.8362443e+01  -9.7694400e-01
   2.8374943e+01  -9.8413400e-01
   2.8387443e+01  -9.4009100e-01
   2.8399943e+01  -8.9724600e-01
   2.8412443e+01  -8.8885700e-01
   2.8424943e+01  -8.3178000e-01
   2.8437443e+01  -7.7220700e-01
   2.8449943e+01  -7.1513000e-01
   2.8462443e+01  -6.8536900e-01
   2.8474943e+01  -6.5550700e-01
   2.8487443e+01  -5.9843000e-01
   2.8499943e+01  -5.6861900e-01
   2.8512443e+01  -5.3880700e-01
   2.8524943e+01  -5.3166600e-01
   2.8537443e+01  -5.0310300e-01
   2.8549943e+01  -4.9596200e-01
   2.8562443e+01  -4.9471400e-01
   2.8574943e+01  -5.1743500e-01
   2.8587443e+01  -5.0310300e-01
   2.8599943e+01  -4.8882100e-01
   2.8612443e+01  -5.1024400e-01
   2.8624943e+01  -5.0894500e-01
   2.8637443e+01  -4.8173000e-01
   2.8649943e+01  -5.0310300e-01
   2.8662443e+01  -5.0310300e-01
   2.8674943e+01  -4.9471400e-01
   2.8687443e+01  -5.1743500e-01
   2.8699943e+01  -4.8882100e-01
   2.8712443e+01  -4.6744900e-01
   2.8724943e+01  -4.4472800e-01
   2.8737443e+01  -4.1491600e-01
   2.8749943e+01  -3.6358200e-01
   2.8762443e+01  -3.5059900e-01
   2.8774943e+01  -3.0645600e-01
   2.8787443e+01  -2.6950300e-01
   2.8799943e+01  -2.3250100e-01
   2.8812443e+01  -2.3374900e-01
   2.8824943e+01  -2.2531000e-01
   2.8837443e+01  -2.3250100e-01
   2.8849943e+01  -2.6950300e-01
   2.8862443e+01  -2.9092600e-01
   2.8874943e+01  -3.3511900e-01
   2.8887443e+01  -3.4935100e-01
   2.8899943e+01  -4.0058500e-01
   2.8912443e+01  -4.7454000e-01
   2.8924943e+01  -5.1868300e-01
   2.8937443e+01  -5.6732000e-01
   2.8949943e+01  -5.8419900e-01
   2.8962443e+01  -6.0557100e-01
   2.8974943e+01  -6.0557100e-01
   2.8987443e+01  -6.1990300e-01
   2.8999943e+01  -6.1271200e-01
   2.9012443e+01  -5.9843000e-01
   2.9024943e+01  -5.8290000e-01
   2.9037443e+01  -5.3291500e-01
   2.9049943e+01  -5.1024400e-01
   2.9062443e+01  -4.5896000e-01
   2.9074943e+01  -4.3039600e-01
   2.9087443e+01  -3.9344400e-01
   2.9099943e+01  -3.6488100e-01
   2.9112443e+01  -3.0520700e-01
   2.9124943e+01  -2.9806700e-01
   2.9137443e+01  -2.7659400e-01
   2.9149943e+01  -2.9092600e-01
   2.9162443e+01  -2.9222400e-01
   2.9174943e+01  -3.2663000e-01
   2.9187443e+01  -3.2792800e-01
   2.9199943e+01  -3.7921200e-01
   2.9212443e+01  -4.2330600e-01
   2.9224943e+01  -4.8173000e-01
   2.9237443e+01  -5.5433700e-01
   2.9249943e+01  -5.9843000e-01
   2.9262443e+01  -6.7822800e-01
   2.9274943e+01  -7.2232100e-01
   2.9287443e+01  -7.5797500e-01
   2.9299943e+01  -8.0331700e-01
   2.9312443e+01  -8.4486300e-01
   2.9324943e+01  -8.7587400e-01
   2.9337443e+01  -8.6748400e-01
   2.9349943e+01  -8.6748400e-01
   2.9362443e+01  -8.6748400e-01
   2.9374943e+01  -8.7587400e-01
   2.9387443e+01  -8.5315300e-01
   2.9399943e+01  -8.5315300e-01
   2.9412443e+01  -8.7587400e-01
   2.9424943e+01  -8.6748400e-01
   2.9437443e+01  -8.7457500e-01
   2.9450043e+01  -8.8885700e-01
   2.9462443e+01  -9.0443700e-01
   2.9474943e+01  -9.2705800e-01
   2.9487443e+01  -9.4843000e-01
   2.9499943e+01  -9.8538300e-01
   2.9512443e+01  -1.0352200e+00
   2.9524943e+01  -1.0792600e+00
   2.9537443e+01  -1.0947400e+00
   2.9549943e+01  -1.1589100e+00
   2.9562443e+01  -1.1957600e+00
   2.9574943e+01  -1.2398100e+00
   2.9587443e+01  -1.2670700e+00
   2.9599943e+01  -1.2909400e+00
   2.9612443e+01  -1.3194000e+00
   2.9624943e+01  -1.3336300e+00
   2.9637443e+01  -1.3336300e+00
   2.9649943e+01  -1.3479200e+00
   2.9662443e+01  -1.3847700e+00
   2.9674943e+01  -1.3693400e+00
   2.9687443e+01  -1.3253000e+00
   2.9699943e+01  -1.2980300e+00
   2.9712443e+01  -1.2838000e+00
   2.9724943e+01  -1.2683200e+00
   2.9737443e+01  -1.2385600e+00
   2.9749943e+01  -1.1945600e+00
   2.9762443e+01  -1.1957600e+00
   2.9774943e+01  -1.2029500e+00
   2.9787443e+01  -1.1576600e+00
   2.9799943e+01  -1.1304500e+00
   2.9812443e+01  -1.1589100e+00
   2.9824943e+01  -1.1803300e+00
   2.9837443e+01  -1.1731900e+00
   2.9849943e+01  -1.2029500e+00
   2.9862443e+01  -1.2243300e+00
   2.9874943e+01  -1.2683200e+00
   2.9887443e+01  -1.2766600e+00
   2.9899943e+01  -1.3194000e+00
   2.9912443e+01  -1.3492100e+00
   2.9924943e+01  -1.3776300e+00
   2.9937443e+01  -1.3919600e+00
   2.9949943e+01  -1.4215700e+00
   2.9962443e+01  -1.4275100e+00
   2.9974943e+01  -1.4429400e+00
