   0.0000000e+00  -8.1406000e-04
   1.2484121e-02  -2.2956500e-02
   2.4981021e-02  -0.0000000e+00
   3.7486121e-02  -2.2956500e-02
   4.9986121e-02  -2.2956500e-02
   6.2486921e-02  -2.2142400e-02
   7.4985021e-02  -8.1406000e-04
   8.7485121e-02  -2.2142400e-02
   9.9985121e-02  -2.2956500e-02
   1.1249112e-01  -8.1406000e-04
   1.2498512e-01  -8.1406000e-04
   1.3748512e-01  -2.2956500e-02
   1.4998512e-01  -8.1406000e-04
   1.6249212e-01  -8.1406000e-04
   1.7498512e-01  -0.0000000e+00
   1.8748512e-01  -0.0000000e+00
   1.9998512e-01  -2.2956500e-02
   2.1249112e-01  -8.1406000e-04
   2.2498512e-01  -8.1406000e-04
   2.3748512e-01  -2.2956500e-02
   2.4998512e-01  -2.2956500e-02
   2.6249212e-01  -2.2956500e-02
   2.7498512e-01  -8.1406000e-04
   2.8748412e-01  -8.1406000e-04
   2.9998512e-01  -8.1406000e-04
   3.1248712e-01  -2.2142400e-02
   3.2498412e-01  -0.0000000e+00
   3.3748412e-01  -0.0000000e+00
   3.4998412e-01  -0.0000000e+00
   3.6249212e-01  -2.2142400e-02
   3.7498412e-01  -4.4610500e-02
   3.8748512e-01  -2.2142400e-02
   3.9998512e-01  -2.2956500e-02
   4.1249112e-01  -8.1406000e-04
   4.2498412e-01  -8.1406000e-04
   4.3748112e-01  -2.2956500e-02
   4.4998612e-01  -2.2956500e-02
   4.6249112e-01  -0.0000000e+00
   4.7498512e-01  -0.0000000e+00
   4.8748512e-01  -2.2956500e-02
   4.9998512e-01  -4.4610500e-02
   5.1249112e-01  -8.1406000e-04
   5.2498512e-01  -2.2956500e-02
   5.3748512e-01  -0.0000000e+00
   5.4998412e-01  -2.2956500e-02
   5.6248712e-01  -2.2956500e-02
   5.7498412e-01  -8.1406000e-04
   5.8748512e-01  -2.2956500e-02
   5.9998612e-01  -2.2956500e-02
   6.1249112e-01  -2.2956500e-02
   6.2498412e-01  -2.2956500e-02
   6.3748412e-01  -2.2956500e-02
   6.4998612e-01  -2.2956500e-02
   6.6249112e-01  -8.1406000e-04
   6.7498512e-01  -8.1406000e-04
   6.8748512e-01  -2.2956500e-02
   7.0000612e-01  -8.1406000e-04
   7.1248512e-01  -2.2142400e-02
   7.2498412e-01  -2.2142400e-02
   7.3748512e-01  -2.2956500e-02
   7.4998412e-01  -2.2956500e-02
   7.6248712e-01  -2.2956500e-02
   7.7498412e-01  -2.2956500e-02
   7.8748512e-01  -2.2956500e-02
   7.9998512e-01  -2.2956500e-02
   8.1248612e-01  -8.1406000e-04
   8.2498412e-01  -8.1406000e-04
   8.3748512e-01  -2.2142400e-02
   8.4998512e-01  -8.1406000e-04
   8.6249112e-01  -8.1406000e-04
   8.7498512e-01  -2.2956500e-02
   8.8748512e-01  -8.1406000e-04
   8.9998512e-01  -2.2956500e-02
   9.1249212e-01  -2.2142400e-02
   9.2498512e-01  -2.2956500e-02
   9.3748512e-01  -8.1406000e-04
   9.4998512e-01  -2.2956500e-02
   9.6249312e-01  -8.1406000e-04
   9.7498512e-01  -2.2142400e-02
   9.8748512e-01  -8.1406000e-04
   9.9998312e-01  -2.2956500e-02
   1.0124931e+00  -2.2956500e-02
   1.0249831e+00  -2.2956500e-02
   1.0374831e+00  -0.0000000e+00
   1.0499831e+00  -2.2956500e-02
   1.0624831e+00  -8.1406000e-04
   1.0749831e+00  -2.2142400e-02
   1.0874831e+00  -2.2142400e-02
   1.0999831e+00   2.2142400e-02
   1.1124931e+00  -8.1406000e-04
   1.1249831e+00  -2.2956500e-02
   1.1374831e+00  -2.2142400e-02
   1.1499831e+00  -2.2142400e-02
   1.1624931e+00  -2.2956500e-02
   1.1749831e+00  -8.1406000e-04
   1.1874831e+00  -8.1406000e-04
   1.1999831e+00  -2.2956500e-02
   1.2124931e+00  -2.2956500e-02
   1.2249831e+00  -8.1406000e-04
   1.2374831e+00  -8.1406000e-04
   1.2499831e+00  -0.0000000e+00
   1.2624931e+00  -2.2956500e-02
   1.2749831e+00  -2.2142400e-02
   1.2874831e+00  -2.2956500e-02
   1.2999831e+00  -2.2956500e-02
   1.3124831e+00  -2.2956500e-02
   1.3249831e+00  -0.0000000e+00
   1.3374831e+00  -2.2142400e-02
   1.3499831e+00  -8.1406000e-04
   1.3624931e+00  -8.1406000e-04
   1.3749831e+00  -4.4610500e-02
   1.3874831e+00  -4.4610500e-02
   1.3999831e+00  -2.2142400e-02
   1.4124931e+00  -8.1406000e-04
   1.4249831e+00  -2.2956500e-02
   1.4374831e+00  -2.2956500e-02
   1.4499831e+00  -2.2956500e-02
   1.4624931e+00  -2.2956500e-02
   1.4749831e+00  -2.2956500e-02
   1.4874831e+00  -2.2142400e-02
   1.4999831e+00  -2.2142400e-02
   1.5124931e+00  -8.1406000e-04
   1.5249831e+00  -8.1406000e-04
   1.5374831e+00  -8.1406000e-04
   1.5499831e+00  -0.0000000e+00
   1.5624831e+00  -0.0000000e+00
   1.5749831e+00  -2.2142400e-02
   1.5874831e+00  -8.1406000e-04
   1.5999831e+00  -2.2956500e-02
   1.6124931e+00  -2.2956500e-02
   1.6249831e+00  -2.2956500e-02
   1.6374831e+00  -2.2956500e-02
   1.6499831e+00  -8.1406000e-04
   1.6624931e+00  -8.1406000e-04
   1.6749831e+00  -8.1406000e-04
   1.6874831e+00  -8.1406000e-04
   1.6999831e+00  -2.2142400e-02
   1.7124931e+00  -8.1406000e-04
   1.7249831e+00  -2.2956500e-02
   1.7374831e+00  -8.1406000e-04
   1.7499831e+00  -2.2956500e-02
   1.7624931e+00  -2.2142400e-02
   1.7749831e+00  -8.1406000e-04
   1.7874831e+00  -0.0000000e+00
   1.7999831e+00  -0.0000000e+00
   1.8124831e+00  -2.2142400e-02
   1.8249831e+00  -2.2956500e-02
   1.8374831e+00  -2.2956500e-02
   1.8499831e+00  -8.1406000e-04
   1.8624931e+00  -2.2956500e-02
   1.8749831e+00  -2.2956500e-02
   1.8874831e+00  -0.0000000e+00
   1.8999831e+00  -8.1406000e-04
   1.9124931e+00  -8.1406000e-04
   1.9249831e+00  -8.1406000e-04
   1.9374831e+00  -0.0000000e+00
   1.9499831e+00  -2.2956500e-02
   1.9624831e+00  -0.0000000e+00
   1.9749831e+00   2.2142400e-02
   1.9874831e+00  -8.1406000e-04
   1.9999831e+00  -0.0000000e+00
   2.0124931e+00  -8.1406000e-04
   2.0249831e+00  -2.2142400e-02
   2.0374831e+00  -8.1406000e-04
   2.0499831e+00   2.1491200e-02
   2.0624831e+00  -2.2956500e-02
   2.0749831e+00  -2.2142400e-02
   2.0874831e+00  -2.2142400e-02
   2.0999831e+00  -2.2142400e-02
   2.1124931e+00  -0.0000000e+00
   2.1249831e+00  -0.0000000e+00
   2.1374831e+00  -8.1406000e-04
   2.1499831e+00  -8.1406000e-04
   2.1624931e+00  -2.2956500e-02
   2.1749831e+00  -8.1406000e-04
   2.1874831e+00  -8.1406000e-04
   2.1999831e+00  -8.1406000e-04
   2.2124931e+00  -2.2142400e-02
   2.2249831e+00  -0.0000000e+00
   2.2374831e+00  -8.1406000e-04
   2.2499831e+00  -2.2142400e-02
   2.2624931e+00  -2.2956500e-02
   2.2749831e+00  -8.1406000e-04
   2.2874831e+00  -8.1406000e-04
   2.2999831e+00  -2.2142400e-02
   2.3124831e+00  -0.0000000e+00
   2.3249831e+00  -2.2956500e-02
   2.3374831e+00  -2.2142400e-02
   2.3499831e+00   2.2142400e-02
   2.3624931e+00   2.2142400e-02
   2.3749831e+00  -0.0000000e+00
   2.3874831e+00  -8.1406000e-04
   2.3999831e+00  -8.1406000e-04
   2.4124931e+00   2.1491200e-02
   2.4249831e+00  -2.2956500e-02
   2.4374831e+00  -0.0000000e+00
   2.4499831e+00  -8.1406000e-04
   2.4624931e+00  -0.0000000e+00
   2.4749831e+00  -8.1406000e-04
   2.4874831e+00  -0.0000000e+00
   2.4999831e+00  -8.1406000e-04
   2.5124931e+00   2.1491200e-02
   2.5249831e+00   2.1491200e-02
   2.5374831e+00   2.1491200e-02
   2.5499831e+00   4.3633600e-02
   2.5624831e+00   4.3633600e-02
   2.5749831e+00   4.3633600e-02
   2.5874831e+00   2.2142400e-02
   2.5999831e+00   4.3633600e-02
   2.6124931e+00   6.5776000e-02
   2.6249831e+00   4.4447600e-02
   2.6374831e+00   6.5776000e-02
   2.6499831e+00   8.7918400e-02
   2.6624931e+00   8.7918400e-02
   2.6749831e+00   8.7918400e-02
   2.6874831e+00   8.7918400e-02
   2.6999831e+00   1.1022400e-01
   2.7124931e+00   1.3220300e-01
   2.7249831e+00   1.3220300e-01
   2.7374831e+00   1.3220300e-01
   2.7499831e+00   1.5434600e-01
   2.7624931e+00   1.5402000e-01
   2.7749831e+00   1.9895600e-01
   2.7874831e+00   2.2126100e-01
   2.7999831e+00   2.4307800e-01
   2.8124831e+00   2.6505800e-01
   2.8249831e+00   2.8720000e-01
   2.8374831e+00   2.8720000e-01
   2.8499831e+00   3.3164800e-01
   2.8624931e+00   3.7593300e-01
   2.8749831e+00   3.7593300e-01
   2.8874831e+00   4.4236000e-01
   2.8999831e+00   4.4236000e-01
   2.9124931e+00   5.3141800e-01
   2.9249831e+00   5.5388600e-01
   2.9374831e+00   5.7602900e-01
   2.9499831e+00   6.4180500e-01
   2.9624931e+00   6.8608900e-01
   2.9749831e+00   7.3037400e-01
   2.9874831e+00   7.9729000e-01
   2.9999831e+00   8.6420600e-01
   3.0125131e+00   9.2998200e-01
   3.0249831e+00   9.5212400e-01
   3.0374831e+00   1.0633200e+00
   3.0499831e+00   1.1079300e+00
   3.0624831e+00   1.2188100e+00
   3.0749831e+00   1.3075400e+00
   3.0874831e+00   1.3962700e+00
   3.0999831e+00   1.5071500e+00
   3.1124931e+00   1.6403300e+00
   3.1249831e+00   1.7733500e+00
   3.1374831e+00   1.9065300e+00
   3.1499831e+00   2.0175700e+00
   3.1624931e+00   2.1507500e+00
   3.1749831e+00   2.3063900e+00
   3.1874831e+00   2.4399000e+00
   3.1999831e+00   2.6398300e+00
   3.2124931e+00   2.8174600e+00
   3.2249831e+00   2.9952500e+00
   3.2374831e+00   3.1728800e+00
   3.2499831e+00   3.3729700e+00
   3.2624931e+00   3.5507600e+00
   3.2749831e+00   3.7953100e+00
   3.2874831e+00   3.9735900e+00
   3.2999831e+00   4.2407600e+00
   3.3124831e+00   4.4633300e+00
   3.3249831e+00   4.6857300e+00
   3.3374831e+00   4.9084500e+00
   3.3499831e+00   5.1534900e+00
   3.3624931e+00   5.4429600e+00
   3.3749831e+00   5.6881600e+00
   3.3874831e+00   5.9108900e+00
   3.3999831e+00   6.2230000e+00
   3.4124931e+00   6.5129600e+00
   3.4249831e+00   6.7360200e+00
   3.4374831e+00   7.0263100e+00
   3.4499831e+00   7.2939700e+00
   3.4624931e+00   7.5619600e+00
   3.4749831e+00   7.8301100e+00
   3.4874831e+00   8.0531700e+00
   3.4999831e+00   8.3664200e+00
   3.5124931e+00   8.6121000e+00
   3.5249831e+00   8.8576200e+00
   3.5374831e+00   9.0818100e+00
   3.5499831e+00   9.3501200e+00
   3.5624831e+00   9.5508700e+00
   3.5749831e+00   9.7526000e+00
   3.5874931e+00   9.9320100e+00
   3.5999831e+00   1.0088300e+01
   3.6124931e+00   1.0267200e+01
   3.6249831e+00   1.0402100e+01
   3.6374831e+00   1.0513900e+01
   3.6499831e+00   1.0626200e+01
   3.6624931e+00   1.0693300e+01
   3.6749831e+00   1.0760200e+01
   3.6874831e+00   1.0782700e+01
   3.6999831e+00   1.0827500e+01
   3.7124931e+00   1.0827500e+01
   3.7249831e+00   1.0827500e+01
   3.7374831e+00   1.0782700e+01
   3.7499831e+00   1.0738100e+01
   3.7624931e+00   1.0670900e+01
   3.7749831e+00   1.0580800e+01
   3.7874831e+00   1.0469100e+01
   3.7999831e+00   1.0311900e+01
   3.8124831e+00   1.0110800e+01
   3.8249831e+00   9.9320100e+00
   3.8374831e+00   9.7079800e+00
   3.8499831e+00   9.4393500e+00
   3.8624931e+00   9.1931700e+00
   3.8749831e+00   8.8805800e+00
   3.8874831e+00   8.6344000e+00
   3.8999831e+00   8.2990100e+00
   3.9124931e+00   7.9416400e+00
   3.9249831e+00   7.6292000e+00
   3.9374831e+00   7.2496900e+00
   3.9499831e+00   6.8700100e+00
   3.9624931e+00   6.5129600e+00
   3.9749831e+00   6.1337800e+00
   3.9874831e+00   5.7104600e+00
   3.9999831e+00   5.3316000e+00
   4.0124931e+00   4.9084500e+00
   4.0249831e+00   4.5299200e+00
   4.0374831e+00   4.1069300e+00
   4.0499831e+00   3.6619700e+00
   4.0624831e+00   3.3062200e+00
   4.0749831e+00   2.8840500e+00
   4.0874831e+00   2.4618800e+00
   4.0999831e+00   2.0848100e+00
   4.1124931e+00   1.6624700e+00
   4.1249831e+00   1.3075400e+00
   4.1374831e+00   8.6420600e-01
   4.1499831e+00   4.6482800e-01
   4.1624931e+00   1.1022400e-01
   4.1749831e+00  -2.6652300e-01
   4.1874831e+00  -6.6524900e-01
   4.1999831e+00  -1.0195300e+00
   4.2124931e+00  -1.3956200e+00
   4.2249831e+00  -1.7272700e+00
   4.2374831e+00  -2.1033700e+00
   4.2499831e+00  -2.4573200e+00
   4.2624931e+00  -2.7665000e+00
   4.2749831e+00  -3.1198000e+00
   4.2874831e+00  -3.4729400e+00
   4.2999831e+00  -3.7817900e+00
   4.3124831e+00  -4.1127900e+00
   4.3249831e+00  -4.3773600e+00
   4.3374831e+00  -4.7314800e+00
   4.3499831e+00  -5.0164000e+00
   4.3624931e+00  -5.3039200e+00
   4.3749831e+00  -5.6121300e+00
   4.3874831e+00  -5.8985100e+00
   4.3999831e+00  -6.1401300e+00
   4.4124931e+00  -6.4053500e+00
   4.4249831e+00  -6.6469600e+00
   4.4374831e+00  -6.9121800e+00
   4.4499831e+00  -7.1743100e+00
   4.4624931e+00  -7.3507900e+00
   4.4749831e+00  -7.5920800e+00
   4.4874831e+00  -7.8353200e+00
   4.4999831e+00  -7.9880400e+00
   4.5124931e+00  -8.2306300e+00
   4.5249831e+00  -8.4056500e+00
   4.5374831e+00  -8.5823000e+00
   4.5499831e+00  -8.7348600e+00
   4.5624831e+00  -8.8895300e+00
   4.5749831e+00  -9.0420800e+00
   4.5874831e+00  -9.1964300e+00
   4.5999831e+00  -9.3053500e+00
   4.6124931e+00  -9.4377200e+00
   4.6249831e+00  -9.5477800e+00
   4.6374831e+00  -9.6342300e+00
   4.6499831e+00  -9.7000100e+00
   4.6624931e+00  -9.7460800e+00
   4.6749831e+00  -9.8323700e+00
   4.6874831e+00  -9.8765000e+00
   4.6999831e+00  -9.8988000e+00
   4.7124931e+00  -9.8966800e+00
   4.7249831e+00  -9.8988000e+00
   4.7374831e+00  -9.8988000e+00
   4.7499831e+00  -9.8765000e+00
   4.7624931e+00  -9.8528900e+00
   4.7749831e+00  -9.8103900e+00
   4.7874831e+00  -9.7442900e+00
   4.7999831e+00  -9.7000100e+00
   4.8124831e+00  -9.6342300e+00
   4.8249831e+00  -9.5458300e+00
   4.8374831e+00  -9.4595300e+00
   4.8499831e+00  -9.3509400e+00
   4.8624931e+00  -9.2830500e+00
   4.8749831e+00  -9.1526300e+00
   4.8874831e+00  -8.9776100e+00
   4.8999831e+00  -8.8454100e+00
   4.9124931e+00  -8.7348600e+00
   4.9249831e+00  -8.5600000e+00
   4.9374831e+00  -8.4041900e+00
   4.9499831e+00  -8.2073500e+00
   4.9624931e+00  -7.9880400e+00
   4.9749831e+00  -7.7892500e+00
   4.9874831e+00  -7.5715700e+00
   4.9999831e+00  -7.3288100e+00
   5.0124931e+00  -7.0211000e+00
   5.0249831e+00  -6.7132200e+00
   5.0374831e+00  -6.4261900e+00
   5.0499831e+00  -6.0738600e+00
   5.0624831e+00  -5.7212100e+00
   5.0749831e+00  -5.4131700e+00
   5.0874831e+00  -5.0385400e+00
   5.0999831e+00  -4.6871900e+00
   5.1124931e+00  -4.2677900e+00
   5.1249831e+00  -3.8039400e+00
   5.1374831e+00  -3.4288200e+00
   5.1499831e+00  -2.9434800e+00
   5.1624931e+00  -2.4794600e+00
   5.1749831e+00  -2.0589200e+00
   5.1874831e+00  -1.5279900e+00
   5.1999831e+00  -1.0638100e+00
   5.2124931e+00  -4.6564200e-01
   5.2249831e+00   8.7918400e-02
   5.2374831e+00   6.4180500e-01
   5.2499831e+00   1.2854000e+00
   5.2624931e+00   1.8843800e+00
   5.2749831e+00   2.4618800e+00
   5.2874831e+00   3.1507400e+00
   5.2999831e+00   3.7508600e+00
   5.3124831e+00   4.4410200e+00
   5.3249831e+00   5.1534900e+00
   5.3374831e+00   5.7772200e+00
   5.3499831e+00   6.4239100e+00
   5.3624931e+00   7.1152100e+00
   5.3749831e+00   7.7181000e+00
   5.3874831e+00   8.3887200e+00
   5.3999831e+00   8.9473300e+00
   5.4124931e+00   9.5739900e+00
   5.4249831e+00   1.0200800e+01
   5.4374831e+00   1.0670200e+01
   5.4499831e+00   1.1163700e+01
   5.4624931e+00   1.1589400e+01
   5.4749831e+00   1.1925800e+01
   5.4874831e+00   1.2284800e+01
   5.4999831e+00   1.2644000e+01
   5.5124931e+00   1.2824000e+01
   5.5250031e+00   1.3025300e+01
   5.5374831e+00   1.3183200e+01
   5.5499831e+00   1.3250400e+01
   5.5624831e+00   1.3295100e+01
   5.5749831e+00   1.3317500e+01
   5.5874831e+00   1.3272900e+01
   5.5999831e+00   1.3182200e+01
   5.6124931e+00   1.3048900e+01
   5.6250031e+00   1.2913600e+01
   5.6374831e+00   1.2711900e+01
   5.6499831e+00   1.2487200e+01
   5.6624931e+00   1.2195300e+01
   5.6749831e+00   1.1948300e+01
   5.6874831e+00   1.1612600e+01
   5.6999831e+00   1.1276200e+01
   5.7124931e+00   1.1007100e+01
   5.7250031e+00   1.0648600e+01
   5.7374831e+00   1.0379700e+01
   5.7499831e+00   9.9990900e+00
   5.7624931e+00   9.7079800e+00
   5.7749831e+00   9.4168800e+00
   5.7874831e+00   9.0591800e+00
   5.7999831e+00   8.7905400e+00
   5.8124831e+00   8.5446900e+00
   5.8250031e+00   8.2321000e+00
   5.8374831e+00   7.9862500e+00
   5.8499831e+00   7.7181000e+00
   5.8624931e+00   7.4501100e+00
   5.8749831e+00   7.2273800e+00
   5.8874831e+00   6.9369300e+00
   5.8999831e+00   6.7137100e+00
   5.9124931e+00   6.4906600e+00
   5.9249831e+00   6.2233200e+00
   5.9374831e+00   5.9779600e+00
   5.9499831e+00   5.7104600e+00
   5.9624931e+00   5.4429600e+00
   5.9749831e+00   5.1979300e+00
   5.9874831e+00   4.9307600e+00
   5.9999831e+00   4.6412800e+00
   6.0124931e+00   4.3742700e+00
   6.0249831e+00   4.0624800e+00
   6.0374831e+00   3.7511900e+00
   6.0499831e+00   3.4618700e+00
   6.0624831e+00   3.0841500e+00
   6.0749831e+00   2.8174600e+00
   6.0874831e+00   2.4397400e+00
   6.0999831e+00   2.1063000e+00
   6.1124931e+00   1.7513700e+00
   6.1249831e+00   1.3962700e+00
   6.1374831e+00   1.0411800e+00
   6.1499831e+00   7.0823200e-01
   6.1624931e+00   2.8720000e-01
   6.1749831e+00  -8.1406000e-04
   6.1874831e+00  -3.7674700e-01
   6.1999831e+00  -7.3183900e-01
   6.2124931e+00  -1.0638100e+00
   6.2249831e+00  -1.4171100e+00
   6.2374831e+00  -1.7494100e+00
   6.2499831e+00  -2.0589200e+00
   6.2624931e+00  -2.3905700e+00
   6.2749831e+00  -2.6564400e+00
   6.2874831e+00  -3.0312300e+00
   6.2999831e+00  -3.3400900e+00
   6.3124831e+00  -3.6271200e+00
   6.3249831e+00  -3.9149700e+00
   6.3374831e+00  -4.2456500e+00
   6.3499831e+00  -4.5323600e+00
   6.3624931e+00  -4.8408900e+00
   6.3749831e+00  -5.1049700e+00
   6.3874831e+00  -5.3923300e+00
   6.3999831e+00  -5.6785500e+00
   6.4124931e+00  -5.8985100e+00
   6.4249831e+00  -6.2075300e+00
   6.4374831e+00  -6.4276500e+00
   6.4499831e+00  -6.6687800e+00
   6.4624931e+00  -6.8441200e+00
   6.4749831e+00  -7.0653900e+00
   6.4874831e+00  -7.2405700e+00
   6.4999831e+00  -7.3732600e+00
   6.5124931e+00  -7.5259800e+00
   6.5249831e+00  -7.6804900e+00
   6.5374831e+00  -7.8130200e+00
   6.5499831e+00  -7.8998000e+00
   6.5624831e+00  -8.0103500e+00
   6.5749831e+00  -8.1187800e+00
   6.5874831e+00  -8.2511400e+00
   6.5999831e+00  -8.3616900e+00
   6.6124831e+00  -8.4722400e+00
   6.6249831e+00  -8.5600000e+00
   6.6374831e+00  -8.6703900e+00
   6.6499831e+00  -8.7571600e+00
   6.6624931e+00  -8.8439400e+00
   6.6749831e+00  -8.9556300e+00
   6.6874831e+00  -9.0420800e+00
   6.6999831e+00  -9.1306500e+00
   6.7124931e+00  -9.1964300e+00
   6.7249831e+00  -9.3066500e+00
   6.7374831e+00  -9.3711300e+00
   6.7499831e+00  -9.4154100e+00
   6.7624831e+00  -9.5034900e+00
   6.7749831e+00  -9.5477800e+00
   6.7874831e+00  -9.5699200e+00
   6.7999831e+00  -9.5678000e+00
   6.8124831e+00  -9.5477800e+00
   6.8249831e+00  -9.5258000e+00
   6.8374831e+00  -9.4815100e+00
   6.8499831e+00  -9.4595300e+00
   6.8624931e+00  -9.3711300e+00
   6.8749831e+00  -9.3273300e+00
   6.8874831e+00  -9.2408800e+00
   6.8999831e+00  -9.1526300e+00
   6.9124931e+00  -9.0420800e+00
   6.9249831e+00  -8.9338200e+00
   6.9374831e+00  -8.7571600e+00
   6.9499831e+00  -8.6265900e+00
   6.9624931e+00  -8.4722400e+00
   6.9749831e+00  -8.2293300e+00
   6.9874831e+00  -8.0528400e+00
   6.9999831e+00  -7.7910400e+00
   7.0124931e+00  -7.5040000e+00
   7.0249831e+00  -7.2625500e+00
   7.0374831e+00  -6.9107100e+00
   7.0499831e+00  -6.5808600e+00
   7.0624831e+00  -6.2285300e+00
   7.0749831e+00  -5.8333900e+00
   7.0874831e+00  -5.4577800e+00
   7.0999831e+00  -5.0164000e+00
   7.1124931e+00  -4.5323600e+00
   7.1249831e+00  -4.0686700e+00
   7.1374831e+00  -3.5170600e+00
   7.1499831e+00  -3.0312300e+00
   7.1624931e+00  -2.4127100e+00
   7.1749831e+00  -1.7928800e+00
   7.1874831e+00  -1.2189700e+00
   7.1999831e+00  -5.0992700e-01
   7.2124931e+00   1.7648800e-01
   7.2249831e+00   7.9729000e-01
   7.2374831e+00   1.5294500e+00
   7.2499831e+00   2.1284400e+00
   7.2624931e+00   2.8619100e+00
   7.2749831e+00   3.5952100e+00
   7.2874831e+00   4.1963100e+00
   7.2999831e+00   4.8861500e+00
   7.3124831e+00   5.6212400e+00
   7.3249831e+00   6.2006900e+00
   7.3374831e+00   6.8700100e+00
   7.3499831e+00   7.3831900e+00
   7.3624931e+00   8.0085500e+00
   7.3749831e+00   8.5897900e+00
   7.3874831e+00   9.0591800e+00
   7.3999831e+00   9.5508700e+00
   7.4124931e+00   9.9984400e+00
   7.4249831e+00   1.0402100e+01
   7.4374831e+00   1.0805000e+01
   7.4499831e+00   1.1096600e+01
   7.4624931e+00   1.1477400e+01
   7.4749831e+00   1.1746700e+01
   7.4874831e+00   1.2015400e+01
   7.4999831e+00   1.2239900e+01
   7.5124931e+00   1.2441400e+01
   7.5249831e+00   1.2599000e+01
   7.5374831e+00   1.2733500e+01
   7.5499831e+00   1.2845400e+01
   7.5624831e+00   1.2846300e+01
   7.5749831e+00   1.2868700e+01
   7.5874831e+00   1.2867800e+01
   7.5999831e+00   1.2822900e+01
   7.6124931e+00   1.2733500e+01
   7.6249831e+00   1.2644000e+01
   7.6374831e+00   1.2509500e+01
   7.6499831e+00   1.2307300e+01
   7.6624931e+00   1.2128200e+01
   7.6749831e+00   1.1903300e+01
   7.6874831e+00   1.1657300e+01
   7.6999831e+00   1.1365700e+01
   7.7124931e+00   1.1074100e+01
   7.7249831e+00   1.0805000e+01
   7.7374831e+00   1.0492100e+01
   7.7499831e+00   1.0133100e+01
   7.7624931e+00   9.8421400e+00
   7.7749831e+00   9.4846100e+00
   7.7874831e+00   9.1936600e+00
   7.7999831e+00   8.8358000e+00
   7.8124831e+00   8.4776200e+00
   7.8249831e+00   8.1876500e+00
   7.8374831e+00   7.8524200e+00
   7.8499831e+00   7.4727400e+00
   7.8624931e+00   7.1824500e+00
   7.8749831e+00   6.8477100e+00
   7.8874831e+00   6.5800400e+00
   7.8999831e+00   6.2676100e+00
   7.9124931e+00   5.9331900e+00
   7.9249831e+00   5.6658500e+00
   7.9374831e+00   5.3316000e+00
   7.9499831e+00   5.0196500e+00
   7.9624931e+00   4.7080300e+00
   7.9749831e+00   4.3965700e+00
   7.9874831e+00   4.1069300e+00
   7.9999831e+00   3.7508600e+00
   8.0124931e+00   3.4174200e+00
   8.0249831e+00   3.0841500e+00
   8.0374831e+00   2.7061000e+00
   8.0499831e+00   2.3282100e+00
   8.0624831e+00   1.9954200e+00
   8.0749831e+00   1.6181900e+00
   8.0874831e+00   1.2181600e+00
   8.0999831e+00   8.4190000e-01
   8.1124931e+00   4.4236000e-01
   8.1249831e+00   8.7918400e-02
   8.1375031e+00  -3.1064500e-01
   8.1499831e+00  -7.0953400e-01
   8.1624931e+00  -1.0631600e+00
   8.1749831e+00  -1.4618900e+00
   8.1874831e+00  -1.8160000e+00
   8.1999831e+00  -2.1689800e+00
   8.2124931e+00  -2.5227700e+00
   8.2249831e+00  -2.8327600e+00
   8.2374831e+00  -3.1852500e+00
   8.2499831e+00  -3.5170600e+00
   8.2624931e+00  -3.7817900e+00
   8.2749831e+00  -4.0686700e+00
   8.2874831e+00  -4.3552200e+00
   8.2999831e+00  -4.5543400e+00
   8.3124831e+00  -4.8408900e+00
   8.3249831e+00  -5.0385400e+00
   8.3374831e+00  -5.3039200e+00
   8.3499831e+00  -5.5251800e+00
   8.3624931e+00  -5.6772500e+00
   8.3749831e+00  -5.9204900e+00
   8.3874831e+00  -6.1401300e+00
   8.3999831e+00  -6.3596000e+00
   8.4124931e+00  -6.5365700e+00
   8.4249831e+00  -6.7355300e+00
   8.4374831e+00  -6.9326900e+00
   8.4499831e+00  -7.1093400e+00
   8.4624931e+00  -7.2625500e+00
   8.4749831e+00  -7.4815300e+00
   8.4874831e+00  -7.6362000e+00
   8.4999831e+00  -7.7910400e+00
   8.5124931e+00  -7.9437600e+00
   8.5249831e+00  -8.0543100e+00
   8.5374831e+00  -8.1646900e+00
   8.5499831e+00  -8.2954300e+00
   8.5624831e+00  -8.3616900e+00
   8.5749831e+00  -8.4722400e+00
   8.5874831e+00  -8.5380200e+00
   8.5999831e+00  -8.6024900e+00
   8.6124931e+00  -8.6467800e+00
   8.6249831e+00  -8.6909000e+00
   8.6374831e+00  -8.7348600e+00
   8.6499831e+00  -8.8014500e+00
   8.6624931e+00  -8.8659200e+00
   8.6749831e+00  -8.9097200e+00
   8.6874831e+00  -8.9540000e+00
   8.6999831e+00  -8.9776100e+00
   8.7124931e+00  -8.9982900e+00
   8.7249831e+00  -8.9982900e+00
   8.7374831e+00  -8.9556300e+00
   8.7499831e+00  -8.9556300e+00
   8.7624931e+00  -8.8895300e+00
   8.7749831e+00  -8.8234300e+00
   8.7874831e+00  -8.7348600e+00
   8.7999831e+00  -8.6689200e+00
   8.8124831e+00  -8.5600000e+00
   8.8249831e+00  -8.4722400e+00
   8.8374831e+00  -8.4056500e+00
   8.8499831e+00  -8.3174100e+00
   8.8624931e+00  -8.2511400e+00
   8.8749831e+00  -8.1646900e+00
   8.8874831e+00  -8.0543100e+00
   8.8999831e+00  -7.9453800e+00
   8.9124931e+00  -7.8335300e+00
   8.9249831e+00  -7.6821200e+00
   8.9374831e+00  -7.5259800e+00
   8.9499831e+00  -7.3507900e+00
   8.9624931e+00  -7.1743100e+00
   8.9749831e+00  -6.9988000e+00
   8.9874831e+00  -6.8001600e+00
   8.9999831e+00  -6.6248200e+00
   9.0124931e+00  -6.3819000e+00
   9.0249831e+00  -6.1401300e+00
   9.0374831e+00  -5.8985100e+00
   9.0499831e+00  -5.6345900e+00
   9.0624831e+00  -5.3482100e+00
   9.0749831e+00  -5.0400100e+00
   9.0874831e+00  -4.6858900e+00
   9.0999831e+00  -4.3773600e+00
   9.1124931e+00  -4.0030600e+00
   9.1249831e+00  -3.6271200e+00
   9.1374831e+00  -3.3181100e+00
   9.1499831e+00  -2.9213300e+00
   9.1624931e+00  -2.5014400e+00
   9.1749831e+00  -2.1701200e+00
   9.1874831e+00  -1.7715600e+00
   9.1999831e+00  -1.4177700e+00
   9.2124931e+00  -1.0416700e+00
   9.2249831e+00  -6.4310700e-01
   9.2374831e+00  -2.8866600e-01
   9.2499831e+00   1.1022400e-01
   9.2624931e+00   4.8697000e-01
   9.2749831e+00   8.4190000e-01
   9.2874831e+00   1.2188100e+00
   9.2999831e+00   1.5734100e+00
   9.3124831e+00   1.9508100e+00
   9.3249831e+00   2.3285400e+00
   9.3374831e+00   2.6176900e+00
   9.3499831e+00   2.9952500e+00
   9.3624931e+00   3.3508300e+00
   9.3749831e+00   3.6173500e+00
   9.3874831e+00   3.9512800e+00
   9.3999831e+00   4.2186200e+00
   9.4124931e+00   4.5077700e+00
   9.4249831e+00   4.7303400e+00
   9.4374831e+00   4.9750400e+00
   9.4499831e+00   5.1979300e+00
   9.4624931e+00   5.3760500e+00
   9.4749831e+00   5.5541700e+00
   9.4874831e+00   5.7326100e+00
   9.4999831e+00   5.8439700e+00
   9.5124931e+00   5.9556600e+00
   9.5249831e+00   6.0225700e+00
   9.5374831e+00   6.1116300e+00
   9.5499831e+00   6.1339400e+00
   9.5624831e+00   6.1337800e+00
   9.5749831e+00   6.1114700e+00
   9.5874831e+00   6.0225700e+00
   9.5999831e+00   5.9333500e+00
   9.6124931e+00   5.7995200e+00
   9.6249831e+00   5.5991000e+00
   9.6374831e+00   5.4206600e+00
   9.6499931e+00   5.1311800e+00
   9.6624831e+00   4.8415400e+00
   9.6749831e+00   4.5299200e+00
   9.6874831e+00   4.1513800e+00
   9.6999831e+00   3.7511900e+00
   9.7124931e+00   3.4174200e+00
   9.7249831e+00   2.9952500e+00
   9.7374831e+00   2.5953800e+00
   9.7499831e+00   2.2176600e+00
   9.7624931e+00   1.7956500e+00
   9.7749831e+00   1.4850100e+00
   9.7874831e+00   1.1523800e+00
   9.7999831e+00   8.1943200e-01
   9.8124831e+00   5.7537700e-01
   9.8249831e+00   2.8801400e-01
   9.8374831e+00   1.1022400e-01
   9.8499831e+00  -4.4610500e-02
   9.8624931e+00  -2.2207500e-01
   9.8749831e+00  -2.8866600e-01
   9.8874831e+00  -3.5541800e-01
   9.8999831e+00  -3.7739800e-01
   9.9124931e+00  -3.7739800e-01
   9.9249831e+00  -3.3246200e-01
   9.9374831e+00  -3.1064500e-01
   9.9499831e+00  -2.6652300e-01
   9.9624931e+00  -1.7779100e-01
   9.9749831e+00  -1.5564800e-01
   9.9874831e+00  -1.1185200e-01
   9.9999431e+00  -1.3350600e-01
   1.0012443e+01  -1.3399400e-01
   1.0024943e+01  -1.5564800e-01
   1.0037443e+01  -2.2207500e-01
   1.0049943e+01  -3.1064500e-01
   1.0062443e+01  -3.9888900e-01
   1.0074943e+01  -5.3206900e-01
   1.0087443e+01  -6.6524900e-01
   1.0099943e+01  -8.6404300e-01
   1.0112443e+01  -1.0416700e+00
   1.0124943e+01  -1.2411200e+00
   1.0137443e+01  -1.4177700e+00
   1.0149943e+01  -1.6167200e+00
   1.0162443e+01  -1.7928800e+00
   1.0174943e+01  -1.9262300e+00
   1.0187443e+01  -2.0367800e+00
   1.0199943e+01  -2.1479800e+00
   1.0212443e+01  -2.1922600e+00
   1.0224943e+01  -2.2355700e+00
   1.0237443e+01  -2.2135900e+00
   1.0249943e+01  -2.1911200e+00
   1.0262443e+01  -2.0810600e+00
   1.0274943e+01  -1.9926500e+00
   1.0287443e+01  -1.8381500e+00
   1.0299943e+01  -1.6829900e+00
   1.0312443e+01  -1.5286400e+00
   1.0324943e+01  -1.3292000e+00
   1.0337443e+01  -1.1515700e+00
   1.0349943e+01  -9.9706000e-01
   1.0362443e+01  -7.7628700e-01
   1.0374943e+01  -6.6524900e-01
   1.0387443e+01  -5.0992700e-01
   1.0399943e+01  -4.2152000e-01
   1.0412443e+01  -3.7739800e-01
   1.0424943e+01  -3.3246200e-01
   1.0437443e+01  -3.3246200e-01
   1.0449943e+01  -3.5541800e-01
   1.0462443e+01  -3.7674700e-01
   1.0474943e+01  -4.2168300e-01
   1.0487443e+01  -4.4350000e-01
   1.0499943e+01  -5.0992700e-01
   1.0512443e+01  -5.5421200e-01
   1.0524943e+01  -5.5421200e-01
   1.0537443e+01  -5.7700500e-01
   1.0549943e+01  -5.7700500e-01
   1.0562443e+01  -5.3288300e-01
   1.0574943e+01  -4.6629300e-01
   1.0587443e+01  -3.5541800e-01
   1.0599943e+01  -2.2207500e-01
   1.0612443e+01  -1.1136300e-01
   1.0624943e+01   4.3633600e-02
   1.0637443e+01   1.9830500e-01
   1.0649943e+01   3.5379000e-01
   1.0662443e+01   5.0927600e-01
   1.0674943e+01   6.2031300e-01
   1.0687443e+01   7.0823200e-01
   1.0699943e+01   7.0823200e-01
   1.0712443e+01   6.8608900e-01
   1.0724943e+01   6.1966200e-01
   1.0737443e+01   4.6482800e-01
   1.0750043e+01   2.6505800e-01
   1.0762443e+01  -8.1406000e-04
   1.0774943e+01  -2.8866600e-01
   1.0787443e+01  -5.9914800e-01
   1.0799943e+01  -8.6404300e-01
   1.0812443e+01  -1.1737100e+00
   1.0824943e+01  -1.4399100e+00
   1.0837443e+01  -1.6829900e+00
   1.0850043e+01  -1.8817800e+00
   1.0862443e+01  -2.0589200e+00
   1.0874943e+01  -2.1479800e+00
   1.0887443e+01  -2.1689800e+00
   1.0899943e+01  -2.1479800e+00
   1.0912443e+01  -2.0810600e+00
   1.0924943e+01  -1.9268800e+00
   1.0937443e+01  -1.7494100e+00
   1.0949943e+01  -1.5507800e+00
   1.0962443e+01  -1.2857300e+00
   1.0974943e+01  -1.0195300e+00
   1.0987443e+01  -7.7628700e-01
   1.0999943e+01  -5.3206900e-01
   1.1012443e+01  -3.5541800e-01
   1.1024943e+01  -1.9993300e-01
   1.1037443e+01  -8.8895300e-02
   1.1049943e+01  -8.9546500e-02
   1.1062443e+01  -1.1136300e-01
   1.1074943e+01  -1.9993300e-01
   1.1087443e+01  -3.1064500e-01
   1.1099943e+01  -4.8843600e-01
   1.1112443e+01  -6.4310700e-01
   1.1124943e+01  -7.9826700e-01
   1.1137443e+01  -9.3079600e-01
   1.1149943e+01  -1.0195300e+00
   1.1162443e+01  -1.0638100e+00
   1.1174943e+01  -1.0859600e+00
   1.1187443e+01  -1.0853000e+00
   1.1199943e+01  -1.0195300e+00
   1.1212443e+01  -9.3079600e-01
   1.1224943e+01  -8.2057200e-01
   1.1237443e+01  -6.4310700e-01
   1.1249943e+01  -4.6564200e-01
   1.1262443e+01  -2.6652300e-01
   1.1274943e+01  -4.4936100e-02
   1.1287443e+01   1.3220300e-01
   1.1299943e+01   2.8720000e-01
   1.1312443e+01   3.9791200e-01
   1.1324943e+01   4.2021800e-01
   1.1337443e+01   3.9791200e-01
   1.1349943e+01   2.8720000e-01
   1.1362443e+01   1.3220300e-01
   1.1374943e+01  -1.1185200e-01
   1.1387443e+01  -3.5541800e-01
   1.1399943e+01  -6.4310700e-01
   1.1412443e+01  -9.3079600e-01
   1.1424943e+01  -1.1737100e+00
   1.1437443e+01  -1.4177700e+00
   1.1449943e+01  -1.5942500e+00
   1.1462443e+01  -1.7494100e+00
   1.1474943e+01  -1.8594700e+00
   1.1487443e+01  -1.9262300e+00
   1.1499943e+01  -1.9042500e+00
   1.1512443e+01  -1.8594700e+00
   1.1524943e+01  -1.7715600e+00
   1.1537443e+01  -1.6610100e+00
   1.1549943e+01  -1.5066600e+00
   1.1562443e+01  -1.3515000e+00
   1.1574943e+01  -1.1745300e+00
   1.1587443e+01  -1.0195300e+00
   1.1599943e+01  -8.6404300e-01
   1.1612443e+01  -7.3118800e-01
   1.1624943e+01  -6.2063900e-01
   1.1637443e+01  -4.8843600e-01
   1.1649943e+01  -3.9954000e-01
   1.1662443e+01  -3.3278800e-01
   1.1674943e+01  -2.4421800e-01
   1.1687443e+01  -1.7844200e-01
   1.1699943e+01  -8.9546500e-02
   1.1712443e+01  -8.1406000e-04
   1.1724943e+01   8.7918400e-02
   1.1737443e+01   2.2126100e-01
   1.1749943e+01   3.0950500e-01
   1.1762443e+01   3.5379000e-01
   1.1774943e+01   4.4236000e-01
   1.1787443e+01   4.8697000e-01
   1.1799943e+01   5.0927600e-01
   1.1812443e+01   5.3109200e-01
   1.1824943e+01   4.8697000e-01
   1.1837443e+01   4.6482800e-01
   1.1849943e+01   3.7593300e-01
   1.1862443e+01   3.5379000e-01
   1.1874943e+01   2.4307800e-01
   1.1887443e+01   1.5402000e-01
   1.1899943e+01   8.7918400e-02
   1.1912443e+01  -0.0000000e+00
   1.1924943e+01  -4.4936100e-02
   1.1937443e+01  -8.9546500e-02
   1.1949943e+01  -1.1185200e-01
   1.1962443e+01  -1.1136300e-01
   1.1974943e+01  -8.9546500e-02
   1.1987443e+01  -6.7078500e-02
   1.1999943e+01   2.1491200e-02
   1.2012443e+01   8.7918400e-02
   1.2024943e+01   1.7648800e-01
   1.2037443e+01   2.8801400e-01
   1.2049943e+01   3.9791200e-01
   1.2062443e+01   5.0927600e-01
   1.2074943e+01   5.9752000e-01
   1.2087443e+01   6.8608900e-01
   1.2099943e+01   7.9729000e-01
   1.2112443e+01   9.0783900e-01
   1.2124943e+01   9.7491800e-01
   1.2137443e+01   1.0633200e+00
   1.2149943e+01   1.1523800e+00
   1.2162443e+01   1.2411200e+00
   1.2174943e+01   1.3075400e+00
   1.2187443e+01   1.4184200e+00
   1.2199943e+01   1.5071500e+00
   1.2212443e+01   1.5955600e+00
   1.2224943e+01   1.7067600e+00
   1.2237443e+01   1.7956500e+00
   1.2249943e+01   1.9065300e+00
   1.2262443e+01   1.9508100e+00
   1.2274943e+01   2.0178900e+00
   1.2287443e+01   2.0618500e+00
   1.2299943e+01   2.0841600e+00
   1.2312443e+01   2.0623400e+00
   1.2324943e+01   2.0618500e+00
   1.2337443e+01   2.0178900e+00
   1.2349943e+01   1.9286700e+00
   1.2362443e+01   1.8628900e+00
   1.2374943e+01   1.7515300e+00
   1.2387443e+01   1.6181900e+00
   1.2399943e+01   1.5071500e+00
   1.2412443e+01   1.3741300e+00
   1.2424943e+01   1.2403000e+00
   1.2437443e+01   1.1302400e+00
   1.2449943e+01   1.0190400e+00
   1.2462443e+01   9.3063300e-01
   1.2474943e+01   8.4190000e-01
   1.2487443e+01   7.9729000e-01
   1.2499943e+01   7.7514700e-01
   1.2512443e+01   7.5333100e-01
   1.2524943e+01   7.5300500e-01
   1.2537443e+01   7.7514700e-01
   1.2549943e+01   7.9729000e-01
   1.2562443e+01   8.4190000e-01
   1.2574943e+01   8.6420600e-01
   1.2587443e+01   9.3063300e-01
   1.2599943e+01   1.0190400e+00
   1.2612443e+01   1.0857900e+00
   1.2624943e+01   1.1745300e+00
   1.2637443e+01   1.2854000e+00
   1.2649943e+01   1.3741300e+00
   1.2662443e+01   1.4850100e+00
   1.2674943e+01   1.5737400e+00
   1.2687443e+01   1.7072500e+00
   1.2699943e+01   1.7956500e+00
   1.2712443e+01   1.8843800e+00
   1.2724943e+01   1.9065300e+00
   1.2737443e+01   1.9508100e+00
   1.2749943e+01   1.9286700e+00
   1.2762443e+01   1.8843800e+00
   1.2774943e+01   1.8407500e+00
   1.2787443e+01   1.7513700e+00
   1.2799943e+01   1.6624700e+00
   1.2812443e+01   1.5737400e+00
   1.2824943e+01   1.4850100e+00
   1.2837443e+01   1.4407200e+00
   1.2849943e+01   1.3741300e+00
   1.2862443e+01   1.3075400e+00
   1.2874943e+01   1.2854000e+00
   1.2887443e+01   1.2854000e+00
   1.2899943e+01   1.3295200e+00
   1.2912443e+01   1.3516600e+00
   1.2924943e+01   1.4184200e+00
   1.2937443e+01   1.4850100e+00
   1.2949943e+01   1.5071500e+00
   1.2962443e+01   1.5516000e+00
   1.2974943e+01   1.5737400e+00
   1.2987443e+01   1.5516000e+00
   1.2999943e+01   1.4850100e+00
   1.3012443e+01   1.3741300e+00
   1.3024943e+01   1.2411200e+00
   1.3037443e+01   1.0854700e+00
   1.3049943e+01   8.6420600e-01
   1.3062443e+01   6.8608900e-01
   1.3074943e+01   4.2021800e-01
   1.3087443e+01   2.4324100e-01
   1.3099943e+01   4.3633600e-02
   1.3112443e+01  -8.9546500e-02
   1.3124943e+01  -2.4421800e-01
   1.3137443e+01  -3.1064500e-01
   1.3149943e+01  -3.7739800e-01
   1.3162443e+01  -4.2168300e-01
   1.3174943e+01  -4.2168300e-01
   1.3187443e+01  -4.4415100e-01
   1.3199943e+01  -4.2168300e-01
   1.3212443e+01  -4.4350000e-01
   1.3224943e+01  -4.6629300e-01
   1.3237443e+01  -4.4350000e-01
   1.3249943e+01  -4.4350000e-01
   1.3262543e+01  -4.8843600e-01
   1.3274943e+01  -5.0992700e-01
   1.3287443e+01  -5.3288300e-01
   1.3299943e+01  -5.5421200e-01
   1.3312443e+01  -5.5421200e-01
   1.3324943e+01  -5.3206900e-01
   1.3337443e+01  -4.8843600e-01
   1.3349943e+01  -4.4415100e-01
   1.3362543e+01  -3.7739800e-01
   1.3374943e+01  -2.6652300e-01
   1.3387443e+01  -1.9993300e-01
   1.3399943e+01  -8.8895300e-02
   1.3412443e+01  -8.1406000e-04
   1.3424943e+01   8.7918400e-02
   1.3437443e+01   1.3220300e-01
   1.3449943e+01   1.5434600e-01
   1.3462443e+01   1.5434600e-01
   1.3474943e+01   8.7918400e-02
   1.3487443e+01   2.1491200e-02
   1.3499943e+01  -8.9546500e-02
   1.3512443e+01  -1.9993300e-01
   1.3524943e+01  -3.9954000e-01
   1.3537443e+01  -5.3206900e-01
   1.3549943e+01  -7.5333100e-01
   1.3562443e+01  -9.7508000e-01
   1.3574943e+01  -1.1737100e+00
   1.3587443e+01  -1.3734800e+00
   1.3599943e+01  -1.5942500e+00
   1.3612443e+01  -1.7940200e+00
   1.3624943e+01  -1.9926500e+00
   1.3637443e+01  -2.1479800e+00
   1.3649943e+01  -2.2805100e+00
   1.3662443e+01  -2.3461200e+00
   1.3674943e+01  -2.3905700e+00
   1.3687443e+01  -2.3905700e+00
   1.3699943e+01  -2.3239800e+00
   1.3712443e+01  -2.3018300e+00
   1.3724943e+01  -2.1701200e+00
   1.3737443e+01  -2.0589200e+00
   1.3749943e+01  -1.9042500e+00
   1.3762443e+01  -1.7051300e+00
   1.3774943e+01  -1.5953900e+00
   1.3787443e+01  -1.4399100e+00
   1.3799943e+01  -1.3292000e+00
   1.3812443e+01  -1.2626100e+00
   1.3824943e+01  -1.2180000e+00
   1.3837443e+01  -1.1737100e+00
   1.3849943e+01  -1.1958500e+00
   1.3862443e+01  -1.2404600e+00
   1.3874943e+01  -1.3072200e+00
   1.3887443e+01  -1.3956200e+00
   1.3899943e+01  -1.5279900e+00
   1.3912443e+01  -1.6388600e+00
   1.3924943e+01  -1.7272700e+00
   1.3937443e+01  -1.8160000e+00
   1.3949943e+01  -1.9262300e+00
   1.3962543e+01  -1.9926500e+00
   1.3974943e+01  -2.0599000e+00
   1.3987443e+01  -2.0367800e+00
   1.3999943e+01  -2.0367800e+00
   1.4012443e+01  -1.9926500e+00
   1.4024943e+01  -1.9483700e+00
   1.4037443e+01  -1.9042500e+00
   1.4049943e+01  -1.7709100e+00
   1.4062443e+01  -1.6829900e+00
   1.4074943e+01  -1.5732500e+00
   1.4087443e+01  -1.4390900e+00
   1.4099943e+01  -1.3072200e+00
   1.4112443e+01  -1.2180000e+00
   1.4124943e+01  -1.0859600e+00
   1.4137443e+01  -1.0195300e+00
   1.4149943e+01  -9.9706000e-01
   1.4162443e+01  -9.0897900e-01
   1.4174943e+01  -8.6404300e-01
   1.4187443e+01  -8.6469400e-01
   1.4199943e+01  -8.8618500e-01
   1.4212443e+01  -8.8683600e-01
   1.4224943e+01  -8.8618500e-01
   1.4237443e+01  -9.0832800e-01
   1.4249943e+01  -9.5293800e-01
   1.4262443e+01  -9.5293800e-01
   1.4274943e+01  -9.7508000e-01
   1.4287443e+01  -9.7508000e-01
   1.4299943e+01  -9.9706000e-01
   1.4312443e+01  -9.5293800e-01
   1.4324943e+01  -9.7508000e-01
   1.4337443e+01  -9.0832800e-01
   1.4349943e+01  -8.8683600e-01
   1.4362443e+01  -8.4255200e-01
   1.4374943e+01  -7.7628700e-01
   1.4387443e+01  -7.0920900e-01
   1.4399943e+01  -6.4310700e-01
   1.4412443e+01  -5.7635400e-01
   1.4424943e+01  -4.8778400e-01
   1.4437443e+01  -4.2168300e-01
   1.4449943e+01  -3.5541800e-01
   1.4462443e+01  -2.8866600e-01
   1.4474943e+01  -2.6652300e-01
   1.4487443e+01  -2.0074700e-01
   1.4499943e+01  -1.9993300e-01
   1.4512443e+01  -1.9993300e-01
   1.4524943e+01  -2.4421800e-01
   1.4537443e+01  -2.2207500e-01
   1.4549943e+01  -2.8866600e-01
   1.4562443e+01  -3.5541800e-01
   1.4574943e+01  -4.2168300e-01
   1.4587443e+01  -4.6564200e-01
   1.4599943e+01  -5.7635400e-01
   1.4612443e+01  -6.8739200e-01
   1.4624943e+01  -7.5333100e-01
   1.4637443e+01  -8.4190000e-01
   1.4649943e+01  -9.0832800e-01
   1.4662443e+01  -9.9706000e-01
   1.4674943e+01  -9.9706000e-01
   1.4687443e+01  -1.0188800e+00
   1.4699943e+01  -1.0638100e+00
   1.4712443e+01  -1.0638100e+00
   1.4724943e+01  -1.0416700e+00
   1.4737443e+01  -1.0416700e+00
   1.4749943e+01  -1.0195300e+00
   1.4762443e+01  -1.0416700e+00
   1.4774943e+01  -1.0410200e+00
   1.4787443e+01  -1.0416700e+00
   1.4799943e+01  -1.0638100e+00
   1.4812443e+01  -1.0859600e+00
   1.4824943e+01  -1.1522200e+00
   1.4837443e+01  -1.1745300e+00
   1.4849943e+01  -1.1737100e+00
   1.4862443e+01  -1.1965000e+00
   1.4874943e+01  -1.1737100e+00
   1.4887443e+01  -1.1965000e+00
   1.4899943e+01  -1.1737100e+00
   1.4912443e+01  -1.1522200e+00
   1.4924943e+01  -1.0859600e+00
   1.4937443e+01  -1.0195300e+00
   1.4949943e+01  -9.5293800e-01
   1.4962443e+01  -8.6469400e-01
   1.4974943e+01  -8.1975800e-01
   1.4987443e+01  -7.5414500e-01
   1.4999943e+01  -7.0953400e-01
   1.5012443e+01  -6.6524900e-01
   1.5024943e+01  -6.4310700e-01
   1.5037443e+01  -6.2063900e-01
   1.5049943e+01  -6.2063900e-01
   1.5062443e+01  -5.9849700e-01
   1.5074943e+01  -6.2063900e-01
   1.5087443e+01  -6.4310700e-01
   1.5099943e+01  -6.4310700e-01
   1.5112443e+01  -6.6524900e-01
   1.5124943e+01  -6.4310700e-01
   1.5137443e+01  -6.4310700e-01
   1.5149943e+01  -6.2063900e-01
   1.5162443e+01  -5.9849700e-01
   1.5174943e+01  -5.3206900e-01
   1.5187443e+01  -5.3206900e-01
   1.5199943e+01  -4.6564200e-01
   1.5212443e+01  -4.2168300e-01
   1.5224943e+01  -3.7674700e-01
   1.5237443e+01  -3.3278800e-01
   1.5249943e+01  -3.0999400e-01
   1.5262443e+01  -3.3278800e-01
   1.5274943e+01  -3.1064500e-01
   1.5287443e+01  -2.8866600e-01
   1.5299943e+01  -3.5541800e-01
   1.5312443e+01  -3.7674700e-01
   1.5324943e+01  -4.2168300e-01
   1.5337443e+01  -4.6564200e-01
   1.5349943e+01  -5.3206900e-01
   1.5362443e+01  -6.2063900e-01
   1.5374943e+01  -6.4310700e-01
   1.5387443e+01  -6.8739200e-01
   1.5399943e+01  -7.0920900e-01
   1.5412443e+01  -7.7547300e-01
   1.5424943e+01  -7.5414500e-01
   1.5437443e+01  -7.5333100e-01
   1.5449943e+01  -7.0953400e-01
   1.5462443e+01  -6.8657800e-01
   1.5474943e+01  -5.7635400e-01
   1.5487443e+01  -5.0992700e-01
   1.5499943e+01  -3.9888900e-01
   1.5512443e+01  -3.1064500e-01
   1.5524943e+01  -1.7779100e-01
   1.5537443e+01  -4.4610500e-02
   1.5549943e+01   4.3633600e-02
   1.5562443e+01   1.7648800e-01
   1.5575043e+01   2.6538300e-01
   1.5587443e+01   3.3229900e-01
   1.5599943e+01   3.9791200e-01
   1.5612443e+01   4.2021800e-01
   1.5624943e+01   3.7593300e-01
   1.5637443e+01   3.7593300e-01
   1.5649943e+01   2.8801400e-01
   1.5662443e+01   1.9895600e-01
   1.5674943e+01   1.1022400e-01
   1.5687443e+01  -8.1406000e-04
   1.5699943e+01  -1.3350600e-01
   1.5712443e+01  -2.4421800e-01
   1.5724943e+01  -3.3246200e-01
   1.5737443e+01  -4.2168300e-01
   1.5749943e+01  -4.6564200e-01
   1.5762443e+01  -4.6564200e-01
   1.5774943e+01  -4.6629300e-01
   1.5787443e+01  -3.7739800e-01
   1.5799943e+01  -3.1064500e-01
   1.5812443e+01  -1.3350600e-01
   1.5824943e+01  -2.2956500e-02
   1.5837443e+01   1.7616200e-01
   1.5849943e+01   3.5379000e-01
   1.5862443e+01   4.6482800e-01
   1.5874943e+01   6.4180500e-01
   1.5887443e+01   7.7514700e-01
   1.5899943e+01   8.8634800e-01
   1.5912443e+01   9.3063300e-01
   1.5924943e+01   9.5277500e-01
   1.5937443e+01   9.0849000e-01
   1.5949943e+01   7.9729000e-01
   1.5962443e+01   7.0823200e-01
   1.5974943e+01   5.3141800e-01
   1.5987443e+01   3.7593300e-01
   1.5999943e+01   1.9830500e-01
   1.6012443e+01   4.3633600e-02
   1.6024943e+01  -6.7078500e-02
   1.6037443e+01  -1.1136300e-01
   1.6049943e+01  -1.5629900e-01
   1.6062443e+01  -1.1136300e-01
   1.6074943e+01  -4.4936100e-02
   1.6087443e+01   6.5776000e-02
   1.6099943e+01   2.4324100e-01
   1.6112443e+01   4.2021800e-01
   1.6124943e+01   6.6459800e-01
   1.6137443e+01   9.0783900e-01
   1.6149943e+01   1.1523800e+00
   1.6162443e+01   1.3072200e+00
   1.6174943e+01   1.4407200e+00
   1.6187443e+01   1.5294500e+00
   1.6199943e+01   1.5737400e+00
   1.6212443e+01   1.5294500e+00
   1.6224943e+01   1.4407200e+00
   1.6237443e+01   1.3519900e+00
   1.6249943e+01   1.1745300e+00
   1.6262443e+01   1.0415100e+00
   1.6274943e+01   8.8634800e-01
   1.6287443e+01   7.5300500e-01
   1.6299943e+01   6.4245600e-01
   1.6312443e+01   5.7537700e-01
   1.6324943e+01   5.9817100e-01
   1.6337443e+01   5.9752000e-01
   1.6349943e+01   6.8690300e-01
   1.6362443e+01   7.7514700e-01
   1.6374943e+01   9.0849000e-01
   1.6387443e+01   1.0633200e+00
   1.6399943e+01   1.2181600e+00
   1.6412443e+01   1.3962700e+00
   1.6424943e+01   1.4850100e+00
   1.6437443e+01   1.5737400e+00
   1.6449943e+01   1.6181900e+00
   1.6462443e+01   1.6181900e+00
   1.6474943e+01   1.5516000e+00
   1.6487443e+01   1.4628600e+00
   1.6499943e+01   1.3298500e+00
   1.6512443e+01   1.1523800e+00
   1.6524943e+01   1.0415100e+00
   1.6537443e+01   8.8634800e-01
   1.6549943e+01   7.7514700e-01
   1.6562443e+01   6.6394700e-01
   1.6574943e+01   5.9752000e-01
   1.6587443e+01   5.3141800e-01
   1.6599943e+01   5.5388600e-01
   1.6612443e+01   5.7602900e-01
   1.6624943e+01   6.4180500e-01
   1.6637443e+01   6.8608900e-01
   1.6649943e+01   7.5300500e-01
   1.6662443e+01   7.7514700e-01
   1.6674943e+01   7.9729000e-01
   1.6687443e+01   7.7514700e-01
   1.6699943e+01   7.5300500e-01
   1.6712443e+01   6.4180500e-01
   1.6724943e+01   5.0927600e-01
   1.6737443e+01   3.7593300e-01
   1.6749943e+01   2.2126100e-01
   1.6762443e+01   6.5776000e-02
   1.6774943e+01  -8.8895300e-02
   1.6787443e+01  -2.2207500e-01
   1.6799943e+01  -3.3278800e-01
   1.6812443e+01  -4.2152000e-01
   1.6824943e+01  -4.8778400e-01
   1.6837443e+01  -4.8778400e-01
   1.6849943e+01  -4.6629300e-01
   1.6862443e+01  -4.4415100e-01
   1.6874943e+01  -4.4415100e-01
   1.6887443e+01  -3.5541800e-01
   1.6899943e+01  -3.3278800e-01
   1.6912443e+01  -2.6652300e-01
   1.6924943e+01  -1.9993300e-01
   1.6937443e+01  -2.2207500e-01
   1.6949943e+01  -2.2207500e-01
   1.6962443e+01  -2.6652300e-01
   1.6974943e+01  -3.3278800e-01
   1.6987443e+01  -3.9954000e-01
   1.6999943e+01  -4.4350000e-01
   1.7012443e+01  -5.3206900e-01
   1.7024943e+01  -5.5486300e-01
   1.7037443e+01  -5.9849700e-01
   1.7049943e+01  -6.2063900e-01
   1.7062443e+01  -6.4310700e-01
   1.7074943e+01  -6.2063900e-01
   1.7087443e+01  -5.7635400e-01
   1.7099943e+01  -5.7635400e-01
   1.7112443e+01  -5.5486300e-01
   1.7124943e+01  -4.8778400e-01
   1.7137443e+01  -4.8778400e-01
   1.7149943e+01  -4.6629300e-01
   1.7162443e+01  -4.4350000e-01
   1.7174943e+01  -4.2152000e-01
   1.7187443e+01  -3.9954000e-01
   1.7199943e+01  -3.7739800e-01
   1.7212443e+01  -3.9888900e-01
   1.7224943e+01  -3.7739800e-01
   1.7237443e+01  -3.5541800e-01
   1.7249943e+01  -3.1064500e-01
   1.7262443e+01  -3.0999400e-01
   1.7274943e+01  -2.8866600e-01
   1.7287443e+01  -2.4421800e-01
   1.7299943e+01  -2.2207500e-01
   1.7312443e+01  -1.7779100e-01
   1.7324943e+01  -1.7844200e-01
   1.7337443e+01  -1.3350600e-01
   1.7349943e+01  -1.1136300e-01
   1.7362443e+01  -4.4610500e-02
   1.7374943e+01  -2.2956500e-02
   1.7387443e+01  -8.1406000e-04
   1.7399943e+01   4.3633600e-02
   1.7412443e+01   6.5776000e-02
   1.7424943e+01   8.7918400e-02
   1.7437443e+01   8.7267200e-02
   1.7449943e+01   6.5776000e-02
   1.7462443e+01   2.1491200e-02
   1.7474943e+01  -2.2142400e-02
   1.7487443e+01  -8.9546500e-02
   1.7499943e+01  -1.5564800e-01
   1.7512443e+01  -2.2288900e-01
   1.7524943e+01  -2.6652300e-01
   1.7537443e+01  -2.8866600e-01
   1.7549943e+01  -3.3278800e-01
   1.7562443e+01  -3.1064500e-01
   1.7574943e+01  -2.8866600e-01
   1.7587443e+01  -2.2207500e-01
   1.7599943e+01  -1.3399400e-01
   1.7612443e+01  -6.6752900e-02
   1.7624943e+01   2.1491200e-02
   1.7637443e+01   8.7918400e-02
   1.7649943e+01   1.7648800e-01
   1.7662443e+01   2.2126100e-01
   1.7674943e+01   2.4307800e-01
   1.7687443e+01   2.6505800e-01
   1.7699943e+01   2.6538300e-01
   1.7712443e+01   2.4324100e-01
   1.7724943e+01   1.5402000e-01
   1.7737443e+01   1.5434600e-01
   1.7749943e+01   8.7918400e-02
   1.7762443e+01   4.3633600e-02
   1.7774943e+01  -8.1406000e-04
   1.7787443e+01  -2.2956500e-02
   1.7799943e+01  -4.4610500e-02
   1.7812443e+01  -2.2956500e-02
   1.7824943e+01  -2.2956500e-02
   1.7837443e+01  -2.2142400e-02
   1.7849943e+01   2.1491200e-02
   1.7862443e+01   6.5776000e-02
   1.7874943e+01   8.7918400e-02
   1.7887443e+01   1.5434600e-01
   1.7899943e+01   1.9895600e-01
   1.7912443e+01   2.2126100e-01
   1.7924943e+01   2.2126100e-01
   1.7937443e+01   2.2093600e-01
   1.7949943e+01   2.2126100e-01
   1.7962443e+01   2.2126100e-01
   1.7974943e+01   1.7616200e-01
   1.7987443e+01   1.5434600e-01
   1.7999943e+01   1.1022400e-01
   1.8012443e+01   6.5776000e-02
   1.8024943e+01   2.1491200e-02
   1.8037443e+01  -8.1406000e-04
   1.8049943e+01  -2.2142400e-02
   1.8062443e+01  -4.4936100e-02
   1.8074943e+01  -1.1136300e-01
   1.8087543e+01  -8.9546500e-02
   1.8099943e+01  -1.1136300e-01
   1.8112443e+01  -1.3350600e-01
   1.8124943e+01  -1.7779100e-01
   1.8137443e+01  -1.7779100e-01
   1.8149943e+01  -1.7779100e-01
   1.8162443e+01  -1.9993300e-01
   1.8174943e+01  -2.4421800e-01
   1.8187443e+01  -2.8866600e-01
   1.8199943e+01  -3.5541800e-01
   1.8212443e+01  -3.7674700e-01
   1.8224943e+01  -4.6564200e-01
   1.8237443e+01  -5.0992700e-01
   1.8249943e+01  -5.5421200e-01
   1.8262443e+01  -5.9849700e-01
   1.8274943e+01  -6.2063900e-01
   1.8287443e+01  -6.6524900e-01
   1.8299943e+01  -6.6524900e-01
   1.8312443e+01  -6.8739200e-01
   1.8324943e+01  -6.6524900e-01
   1.8337443e+01  -6.8739200e-01
   1.8349943e+01  -6.6524900e-01
   1.8362443e+01  -6.6524900e-01
   1.8374943e+01  -6.6524900e-01
   1.8387443e+01  -6.4310700e-01
   1.8399943e+01  -6.4310700e-01
   1.8412443e+01  -6.6524900e-01
   1.8424943e+01  -6.8739200e-01
   1.8437443e+01  -6.6524900e-01
   1.8449943e+01  -6.8739200e-01
   1.8462443e+01  -6.8739200e-01
   1.8474943e+01  -6.8739200e-01
   1.8487443e+01  -6.6524900e-01
   1.8499943e+01  -6.2063900e-01
   1.8512443e+01  -6.2063900e-01
   1.8524943e+01  -5.7635400e-01
   1.8537443e+01  -5.5486300e-01
   1.8549943e+01  -4.8843600e-01
   1.8562443e+01  -4.4350000e-01
   1.8574943e+01  -4.2168300e-01
   1.8587443e+01  -3.7739800e-01
   1.8599943e+01  -3.3278800e-01
   1.8612443e+01  -3.1064500e-01
   1.8624943e+01  -3.5541800e-01
   1.8637443e+01  -3.3278800e-01
   1.8649943e+01  -3.7739800e-01
   1.8662443e+01  -4.4415100e-01
   1.8674943e+01  -4.6564200e-01
   1.8687443e+01  -5.3288300e-01
   1.8699943e+01  -5.9914800e-01
   1.8712443e+01  -6.6524900e-01
   1.8724943e+01  -7.0953400e-01
   1.8737443e+01  -7.9761600e-01
   1.8749943e+01  -8.2057200e-01
   1.8762443e+01  -8.6469400e-01
   1.8774943e+01  -9.0832800e-01
   1.8787443e+01  -9.5293800e-01
   1.8799943e+01  -9.9706000e-01
   1.8812443e+01  -1.0195300e+00
   1.8824943e+01  -1.0195300e+00
   1.8837443e+01  -1.0638100e+00
   1.8849943e+01  -1.0853000e+00
   1.8862443e+01  -1.1081000e+00
   1.8874943e+01  -1.1081000e+00
   1.8887443e+01  -1.0853000e+00
   1.8899943e+01  -1.1074500e+00
   1.8912443e+01  -1.1074500e+00
   1.8924943e+01  -1.0859600e+00
   1.8937443e+01  -1.0859600e+00
   1.8949943e+01  -1.0859600e+00
   1.8962443e+01  -1.0638100e+00
   1.8974943e+01  -1.0416700e+00
   1.8987443e+01  -1.0416700e+00
   1.8999943e+01  -1.0195300e+00
   1.9012443e+01  -1.0195300e+00
   1.9024943e+01  -9.7508000e-01
   1.9037443e+01  -9.0832800e-01
   1.9049943e+01  -8.8683600e-01
   1.9062443e+01  -8.4255200e-01
   1.9074943e+01  -7.7628700e-01
   1.9087443e+01  -7.3118800e-01
   1.9099943e+01  -6.4310700e-01
   1.9112443e+01  -5.3206900e-01
   1.9124943e+01  -4.4350000e-01
   1.9137443e+01  -3.5541800e-01
   1.9149943e+01  -2.6652300e-01
   1.9162443e+01  -1.7779100e-01
   1.9174943e+01  -6.6752900e-02
   1.9187443e+01   4.3633600e-02
   1.9199943e+01   1.3220300e-01
   1.9212443e+01   1.7648800e-01
   1.9224943e+01   2.2126100e-01
   1.9237443e+01   2.4307800e-01
   1.9249943e+01   2.8720000e-01
   1.9262443e+01   2.6538300e-01
   1.9274943e+01   2.8720000e-01
   1.9287443e+01   2.4324100e-01
   1.9299943e+01   1.9895600e-01
   1.9312443e+01   1.3220300e-01
   1.9324943e+01   8.7918400e-02
   1.9337443e+01   4.3633600e-02
   1.9349943e+01  -2.2142400e-02
   1.9362443e+01  -1.1136300e-01
   1.9374943e+01  -1.5564800e-01
   1.9387443e+01  -1.7844200e-01
   1.9399943e+01  -2.2207500e-01
   1.9412443e+01  -2.8785100e-01
   1.9424943e+01  -3.1064500e-01
   1.9437443e+01  -3.5460400e-01
   1.9449943e+01  -3.7674700e-01
   1.9462443e+01  -3.9954000e-01
   1.9474943e+01  -3.9954000e-01
   1.9487443e+01  -4.2152000e-01
   1.9499943e+01  -4.6629300e-01
   1.9512443e+01  -4.2152000e-01
   1.9524943e+01  -4.2168300e-01
   1.9537443e+01  -4.2152000e-01
   1.9549943e+01  -3.9954000e-01
   1.9562443e+01  -3.7674700e-01
   1.9574943e+01  -3.5460400e-01
   1.9587443e+01  -3.3246200e-01
   1.9599943e+01  -2.8866600e-01
   1.9612443e+01  -2.2207500e-01
   1.9624943e+01  -1.7779100e-01
   1.9637443e+01  -1.3399400e-01
   1.9649943e+01  -1.1136300e-01
   1.9662443e+01  -2.2956500e-02
   1.9674943e+01   2.1491200e-02
   1.9687443e+01   4.3633600e-02
   1.9699943e+01   1.1022400e-01
   1.9712443e+01   1.3220300e-01
   1.9724943e+01   1.9895600e-01
   1.9737443e+01   1.9830500e-01
   1.9749943e+01   2.2126100e-01
   1.9762443e+01   2.2093600e-01
   1.9774943e+01   2.6538300e-01
   1.9787443e+01   2.4324100e-01
   1.9799943e+01   2.4324100e-01
   1.9812443e+01   2.4324100e-01
   1.9824943e+01   2.2126100e-01
   1.9837443e+01   2.2126100e-01
   1.9849943e+01   2.2126100e-01
   1.9862443e+01   1.9895600e-01
   1.9874943e+01   1.9895600e-01
   1.9887443e+01   1.7648800e-01
   1.9899943e+01   1.5434600e-01
   1.9912443e+01   1.5434600e-01
   1.9924943e+01   1.7648800e-01
   1.9937443e+01   1.3187800e-01
   1.9949943e+01   1.1022400e-01
   1.9962443e+01   1.1022400e-01
   1.9974943e+01   8.7267200e-02
   1.9987443e+01   6.5776000e-02
   1.9999943e+01  -0.0000000e+00
   2.0012443e+01  -8.1406000e-04
   2.0024943e+01  -2.2956500e-02
   2.0037443e+01  -4.4936100e-02
   2.0049943e+01  -8.8895300e-02
   2.0062443e+01  -8.9546500e-02
   2.0074943e+01  -1.1136300e-01
   2.0087443e+01  -1.1185200e-01
   2.0099943e+01  -1.1185200e-01
   2.0112443e+01  -6.6752900e-02
   2.0124943e+01  -4.4936100e-02
   2.0137443e+01  -2.2142400e-02
   2.0149943e+01   4.3633600e-02
   2.0162443e+01   1.1022400e-01
   2.0174943e+01   1.5434600e-01
   2.0187443e+01   2.4307800e-01
   2.0199943e+01   2.8720000e-01
   2.0212443e+01   3.3229900e-01
   2.0224943e+01   3.9791200e-01
   2.0237443e+01   4.2021800e-01
   2.0249943e+01   4.6482800e-01
   2.0262443e+01   4.6482800e-01
   2.0274943e+01   4.8697000e-01
   2.0287443e+01   4.6482800e-01
   2.0299943e+01   4.2086900e-01
   2.0312443e+01   3.9791200e-01
   2.0324943e+01   3.5444200e-01
   2.0337443e+01   3.0950500e-01
   2.0349943e+01   2.2093600e-01
   2.0362443e+01   1.9830500e-01
   2.0374943e+01   1.5402000e-01
   2.0387443e+01   1.3220300e-01
   2.0400043e+01   1.1022400e-01
   2.0412443e+01   1.1022400e-01
   2.0424943e+01   1.1022400e-01
   2.0437443e+01   1.0941000e-01
   2.0449943e+01   1.5434600e-01
   2.0462443e+01   1.5434600e-01
   2.0474943e+01   1.7616200e-01
   2.0487443e+01   2.6538300e-01
   2.0499943e+01   2.8720000e-01
   2.0512443e+01   3.5379000e-01
   2.0524943e+01   3.7593300e-01
   2.0537443e+01   4.4236000e-01
   2.0549943e+01   4.6482800e-01
   2.0562443e+01   5.3141800e-01
   2.0574943e+01   5.5307200e-01
   2.0587443e+01   5.9817100e-01
   2.0599943e+01   6.4180500e-01
   2.0612443e+01   6.6394700e-01
   2.0624943e+01   7.0823200e-01
   2.0637443e+01   7.3037400e-01
   2.0649943e+01   7.5300500e-01
   2.0662443e+01   7.9729000e-01
   2.0674943e+01   8.6420600e-01
   2.0687443e+01   9.0849000e-01
   2.0699943e+01   9.5212400e-01
   2.0712443e+01   9.9657200e-01
   2.0724943e+01   1.0415100e+00
   2.0737443e+01   1.0411800e+00
   2.0749943e+01   1.1079300e+00
   2.0762443e+01   1.1302400e+00
   2.0774943e+01   1.1523800e+00
   2.0787443e+01   1.1523800e+00
   2.0799943e+01   1.1302400e+00
   2.0812443e+01   1.1302400e+00
   2.0824943e+01   1.1079300e+00
   2.0837443e+01   1.0636500e+00
   2.0849943e+01   1.0193700e+00
   2.0862443e+01   9.9657200e-01
   2.0874943e+01   9.0849000e-01
   2.0887443e+01   8.4124900e-01
   2.0899943e+01   7.9729000e-01
   2.0912443e+01   6.8690300e-01
   2.0924943e+01   6.6394700e-01
   2.0937443e+01   5.9817100e-01
   2.0949943e+01   5.5388600e-01
   2.0962443e+01   4.6482800e-01
   2.0974943e+01   4.6482800e-01
   2.0987443e+01   3.9791200e-01
   2.0999943e+01   3.7658400e-01
   2.1012443e+01   3.7593300e-01
   2.1024943e+01   3.3164800e-01
   2.1037443e+01   3.5444200e-01
   2.1049943e+01   3.0950500e-01
   2.1062443e+01   3.3164800e-01
   2.1074943e+01   3.5379000e-01
   2.1087443e+01   3.9791200e-01
   2.1099943e+01   3.9791200e-01
   2.1112443e+01   4.2021800e-01
   2.1124943e+01   4.6482800e-01
   2.1137443e+01   4.8697000e-01
   2.1149943e+01   5.0927600e-01
   2.1162443e+01   5.5388600e-01
   2.1174943e+01   5.7602900e-01
   2.1187443e+01   6.1966200e-01
   2.1199943e+01   6.2031300e-01
   2.1212443e+01   6.4180500e-01
   2.1224943e+01   6.4180500e-01
   2.1237443e+01   6.4180500e-01
   2.1249943e+01   6.6459800e-01
   2.1262443e+01   6.6394700e-01
   2.1274943e+01   6.4180500e-01
   2.1287443e+01   6.4245600e-01
   2.1299943e+01   6.1966200e-01
   2.1312443e+01   5.5388600e-01
   2.1324943e+01   5.3109200e-01
   2.1337443e+01   4.8697000e-01
   2.1349943e+01   4.6482800e-01
   2.1362443e+01   3.9791200e-01
   2.1374943e+01   3.5444200e-01
   2.1387443e+01   2.8720000e-01
   2.1399943e+01   1.9895600e-01
   2.1412443e+01   1.5402000e-01
   2.1424943e+01   8.7918400e-02
   2.1437443e+01   4.3633600e-02
   2.1449943e+01  -2.2956500e-02
   2.1462443e+01  -8.9546500e-02
   2.1474943e+01  -1.1136300e-01
   2.1487443e+01  -1.7779100e-01
   2.1499943e+01  -2.6652300e-01
   2.1512443e+01  -2.6652300e-01
   2.1524943e+01  -3.3278800e-01
   2.1537443e+01  -3.5541800e-01
   2.1549943e+01  -3.9954000e-01
   2.1562443e+01  -3.9954000e-01
   2.1574943e+01  -4.4415100e-01
   2.1587443e+01  -4.6629300e-01
   2.1599943e+01  -4.8843600e-01
   2.1612443e+01  -4.8778400e-01
   2.1624943e+01  -4.8778400e-01
   2.1637443e+01  -5.1057800e-01
   2.1649943e+01  -4.8843600e-01
   2.1662443e+01  -5.0992700e-01
   2.1674943e+01  -4.8778400e-01
   2.1687443e+01  -4.8843600e-01
   2.1699943e+01  -4.6564200e-01
   2.1712443e+01  -4.6564200e-01
   2.1724943e+01  -4.6564200e-01
   2.1737443e+01  -4.6629300e-01
   2.1749943e+01  -4.6629300e-01
   2.1762443e+01  -4.6629300e-01
   2.1774943e+01  -4.6564200e-01
   2.1787443e+01  -5.1057800e-01
   2.1799943e+01  -5.3206900e-01
   2.1812443e+01  -5.7635400e-01
   2.1824943e+01  -5.7635400e-01
   2.1837443e+01  -6.4310700e-01
   2.1849943e+01  -6.8739200e-01
   2.1862443e+01  -7.3183900e-01
   2.1874943e+01  -7.9761600e-01
   2.1887443e+01  -8.6404300e-01
   2.1899943e+01  -8.8683600e-01
   2.1912443e+01  -9.5293800e-01
   2.1924943e+01  -9.5293800e-01
   2.1937443e+01  -9.9706000e-01
   2.1949943e+01  -1.0188800e+00
   2.1962443e+01  -1.0416700e+00
   2.1974943e+01  -9.9706000e-01
   2.1987443e+01  -9.9706000e-01
   2.1999943e+01  -1.0195300e+00
   2.2012443e+01  -9.9706000e-01
   2.2024943e+01  -9.7508000e-01
   2.2037443e+01  -9.3079600e-01
   2.2049943e+01  -9.0897900e-01
   2.2062443e+01  -8.8618500e-01
   2.2074943e+01  -8.6404300e-01
   2.2087443e+01  -8.8683600e-01
   2.2099943e+01  -9.0832800e-01
   2.2112443e+01  -9.3144700e-01
   2.2124943e+01  -9.3079600e-01
   2.2137443e+01  -1.0195300e+00
   2.2149943e+01  -1.0638100e+00
   2.2162443e+01  -1.1074500e+00
   2.2174943e+01  -1.1737100e+00
   2.2187443e+01  -1.2626100e+00
   2.2199943e+01  -1.3292000e+00
   2.2212443e+01  -1.3956200e+00
   2.2224943e+01  -1.4833800e+00
   2.2237443e+01  -1.5286400e+00
   2.2249943e+01  -1.5721100e+00
   2.2262443e+01  -1.6388600e+00
   2.2274943e+01  -1.6829900e+00
   2.2287443e+01  -1.7051300e+00
   2.2299943e+01  -1.7051300e+00
   2.2312443e+01  -1.7051300e+00
   2.2324943e+01  -1.6388600e+00
   2.2337443e+01  -1.6388600e+00
   2.2349943e+01  -1.5953900e+00
   2.2362443e+01  -1.5286400e+00
   2.2374943e+01  -1.4833800e+00
   2.2387443e+01  -1.3956200e+00
   2.2399943e+01  -1.3292000e+00
   2.2412443e+01  -1.2626100e+00
   2.2424943e+01  -1.1958500e+00
   2.2437443e+01  -1.1295900e+00
   2.2449943e+01  -1.0859600e+00
   2.2462443e+01  -1.0195300e+00
   2.2474943e+01  -9.5293800e-01
   2.2487443e+01  -9.5293800e-01
   2.2499943e+01  -9.3079600e-01
   2.2512543e+01  -9.0832800e-01
   2.2524943e+01  -9.0832800e-01
   2.2537443e+01  -9.3144700e-01
   2.2549943e+01  -9.5293800e-01
   2.2562443e+01  -9.5358900e-01
   2.2574943e+01  -9.7508000e-01
   2.2587443e+01  -1.0195300e+00
   2.2599943e+01  -1.0416700e+00
   2.2612543e+01  -1.0631600e+00
   2.2624943e+01  -1.0859600e+00
   2.2637443e+01  -1.1081000e+00
   2.2649943e+01  -1.1295900e+00
   2.2662443e+01  -1.1737100e+00
   2.2674943e+01  -1.1737100e+00
   2.2687443e+01  -1.2180000e+00
   2.2699943e+01  -1.2411200e+00
   2.2712443e+01  -1.2847500e+00
   2.2724943e+01  -1.2847500e+00
   2.2737443e+01  -1.3078700e+00
   2.2749943e+01  -1.3292000e+00
   2.2762443e+01  -1.3292000e+00
   2.2774943e+01  -1.3072200e+00
   2.2787443e+01  -1.3292000e+00
   2.2799943e+01  -1.2847500e+00
   2.2812443e+01  -1.2626100e+00
   2.2824943e+01  -1.1958500e+00
   2.2837443e+01  -1.1515700e+00
   2.2849943e+01  -1.0638100e+00
   2.2862443e+01  -9.9706000e-01
   2.2874943e+01  -8.8618500e-01
   2.2887443e+01  -7.9826700e-01
   2.2899943e+01  -6.6524900e-01
   2.2912443e+01  -5.9849700e-01
   2.2924943e+01  -4.6629300e-01
   2.2937443e+01  -3.5541800e-01
   2.2949943e+01  -3.1064500e-01
   2.2962443e+01  -1.9993300e-01
   2.2974943e+01  -1.5629900e-01
   2.2987443e+01  -1.1185200e-01
   2.2999943e+01  -6.7078500e-02
   2.3012443e+01  -6.7078500e-02
   2.3024943e+01  -2.2956500e-02
   2.3037443e+01  -2.2142400e-02
   2.3049943e+01  -6.6752900e-02
   2.3062443e+01  -8.9546500e-02
   2.3074943e+01  -1.5564800e-01
   2.3087443e+01  -1.5564800e-01
   2.3099943e+01  -2.4421800e-01
   2.3112443e+01  -2.6652300e-01
   2.3124943e+01  -3.3278800e-01
   2.3137443e+01  -3.7674700e-01
   2.3149943e+01  -4.2168300e-01
   2.3162443e+01  -4.4350000e-01
   2.3174943e+01  -4.6629300e-01
   2.3187443e+01  -5.1057800e-01
   2.3199943e+01  -5.0992700e-01
   2.3212443e+01  -4.8778400e-01
   2.3224943e+01  -4.6564200e-01
   2.3237443e+01  -4.4350000e-01
   2.3249943e+01  -4.4415100e-01
   2.3262443e+01  -3.9954000e-01
   2.3274943e+01  -2.8866600e-01
   2.3287443e+01  -2.2207500e-01
   2.3299943e+01  -1.9993300e-01
   2.3312443e+01  -6.6752900e-02
   2.3324943e+01  -2.2142400e-02
   2.3337443e+01   4.3633600e-02
   2.3349943e+01   8.7918400e-02
   2.3362443e+01   1.7648800e-01
   2.3374943e+01   2.4307800e-01
   2.3387443e+01   2.8720000e-01
   2.3399943e+01   3.0950500e-01
   2.3412443e+01   3.5379000e-01
   2.3424943e+01   3.5379000e-01
   2.3437443e+01   3.7593300e-01
   2.3449943e+01   3.5379000e-01
   2.3462443e+01   3.0950500e-01
   2.3474943e+01   2.6505800e-01
   2.3487443e+01   1.9830500e-01
   2.3499943e+01   1.5434600e-01
   2.3512443e+01   8.7267200e-02
   2.3524943e+01   4.3633600e-02
   2.3537443e+01  -0.0000000e+00
   2.3549943e+01  -8.9546500e-02
   2.3562443e+01  -1.3350600e-01
   2.3574943e+01  -1.7779100e-01
   2.3587443e+01  -2.2207500e-01
   2.3599943e+01  -2.2207500e-01
   2.3612443e+01  -2.2207500e-01
   2.3624943e+01  -2.2207500e-01
   2.3637443e+01  -2.4421800e-01
   2.3649943e+01  -2.2207500e-01
   2.3662443e+01  -1.5564800e-01
   2.3674943e+01  -1.3350600e-01
   2.3687443e+01  -6.6752900e-02
   2.3699943e+01  -4.4610500e-02
   2.3712443e+01   4.3633600e-02
   2.3724943e+01   1.1022400e-01
   2.3737443e+01   1.5434600e-01
   2.3749943e+01   1.9895600e-01
   2.3762443e+01   2.6505800e-01
   2.3774943e+01   3.3164800e-01
   2.3787443e+01   3.7593300e-01
   2.3799943e+01   3.9791200e-01
   2.3812443e+01   4.2021800e-01
   2.3824943e+01   4.8697000e-01
   2.3837443e+01   4.6482800e-01
   2.3849943e+01   4.6417700e-01
   2.3862443e+01   5.0927600e-01
   2.3874943e+01   4.6482800e-01
   2.3887443e+01   4.4236000e-01
   2.3899943e+01   4.4236000e-01
   2.3912443e+01   3.7593300e-01
   2.3924943e+01   3.5379000e-01
   2.3937443e+01   3.3164800e-01
   2.3949943e+01   2.4307800e-01
   2.3962443e+01   1.9895600e-01
   2.3974943e+01   1.7616200e-01
   2.3987443e+01   1.3220300e-01
   2.3999943e+01   8.7918400e-02
   2.4012443e+01   6.5776000e-02
   2.4024943e+01   2.1491200e-02
   2.4037443e+01   2.1491200e-02
   2.4049943e+01   2.1491200e-02
   2.4062443e+01   2.1491200e-02
   2.4074943e+01   4.3633600e-02
   2.4087443e+01   6.5776000e-02
   2.4099943e+01   1.1022400e-01
   2.4112443e+01   1.3220300e-01
   2.4124943e+01   1.7648800e-01
   2.4137443e+01   1.9830500e-01
   2.4149943e+01   2.4307800e-01
   2.4162443e+01   3.3164800e-01
   2.4174943e+01   3.9791200e-01
   2.4187443e+01   4.2086900e-01
   2.4199943e+01   4.6482800e-01
   2.4212443e+01   4.8697000e-01
   2.4224943e+01   5.0927600e-01
   2.4237443e+01   5.9817100e-01
   2.4249943e+01   5.9752000e-01
   2.4262443e+01   6.1966200e-01
   2.4274943e+01   6.2031300e-01
   2.4287443e+01   6.4245600e-01
   2.4299943e+01   6.1966200e-01
   2.4312443e+01   5.9817100e-01
   2.4324943e+01   5.9817100e-01
   2.4337443e+01   5.5307200e-01
   2.4349943e+01   5.3141800e-01
   2.4362443e+01   4.6482800e-01
   2.4374943e+01   4.4203400e-01
   2.4387443e+01   3.9791200e-01
   2.4399943e+01   3.9791200e-01
   2.4412443e+01   3.3229900e-01
   2.4424943e+01   2.6505800e-01
   2.4437443e+01   2.8801400e-01
   2.4449943e+01   2.6538300e-01
   2.4462443e+01   2.6538300e-01
   2.4474943e+01   2.8720000e-01
   2.4487443e+01   2.8801400e-01
   2.4499943e+01   3.3164800e-01
   2.4512443e+01   3.3229900e-01
   2.4524943e+01   3.9791200e-01
   2.4537443e+01   4.6482800e-01
   2.4549943e+01   5.0927600e-01
   2.4562443e+01   5.7537700e-01
   2.4574943e+01   6.4180500e-01
   2.4587443e+01   7.0823200e-01
   2.4599943e+01   7.3037400e-01
   2.4612443e+01   7.9729000e-01
   2.4624943e+01   8.4190000e-01
   2.4637443e+01   8.6420600e-01
   2.4649943e+01   8.6420600e-01
   2.4662443e+01   8.6420600e-01
   2.4674943e+01   8.6420600e-01
   2.4687443e+01   8.6420600e-01
   2.4699943e+01   8.1943200e-01
   2.4712443e+01   7.7514700e-01
   2.4725043e+01   7.3037400e-01
   2.4737443e+01   6.8690300e-01
   2.4749943e+01   6.2031300e-01
   2.4762443e+01   5.9817100e-01
   2.4774943e+01   5.0927600e-01
   2.4787443e+01   4.6482800e-01
   2.4799943e+01   4.4236000e-01
   2.4812443e+01   3.9791200e-01
   2.4825043e+01   3.5379000e-01
   2.4837443e+01   3.7658400e-01
   2.4849943e+01   3.7658400e-01
   2.4862443e+01   3.7593300e-01
   2.4874943e+01   3.7593300e-01
   2.4887443e+01   4.2021800e-01
   2.4899943e+01   3.9872600e-01
   2.4912443e+01   4.4236000e-01
   2.4924943e+01   4.4236000e-01
   2.4937443e+01   4.4236000e-01
   2.4949943e+01   4.8697000e-01
   2.4962443e+01   4.6482800e-01
   2.4974943e+01   5.0927600e-01
   2.4987443e+01   4.8697000e-01
   2.4999943e+01   4.6482800e-01
   2.5012443e+01   4.6482800e-01
   2.5024943e+01   4.4236000e-01
   2.5037443e+01   4.4236000e-01
   2.5049943e+01   4.2021800e-01
   2.5062443e+01   3.5379000e-01
   2.5074943e+01   3.3164800e-01
   2.5087443e+01   3.0950500e-01
   2.5099943e+01   2.6538300e-01
   2.5112443e+01   2.6505800e-01
   2.5124943e+01   2.2093600e-01
   2.5137443e+01   1.9895600e-01
   2.5149943e+01   1.9895600e-01
   2.5162443e+01   1.7648800e-01
   2.5174943e+01   1.5434600e-01
   2.5187443e+01   1.7648800e-01
   2.5199943e+01   1.7648800e-01
   2.5212443e+01   1.7648800e-01
   2.5224943e+01   1.9895600e-01
   2.5237443e+01   1.9895600e-01
   2.5249943e+01   2.2126100e-01
   2.5262443e+01   2.2126100e-01
   2.5274943e+01   2.2093600e-01
   2.5287443e+01   1.9830500e-01
   2.5299943e+01   2.2093600e-01
   2.5312443e+01   1.9895600e-01
   2.5324943e+01   1.9895600e-01
   2.5337443e+01   1.7648800e-01
   2.5349943e+01   1.5434600e-01
   2.5362443e+01   1.1022400e-01
   2.5374943e+01   8.7918400e-02
   2.5387443e+01  -0.0000000e+00
   2.5399943e+01  -2.2956500e-02
   2.5412443e+01  -6.7078500e-02
   2.5424943e+01  -8.8895300e-02
   2.5437443e+01  -1.5629900e-01
   2.5449943e+01  -2.2207500e-01
   2.5462443e+01  -2.2207500e-01
   2.5474943e+01  -2.6652300e-01
   2.5487443e+01  -2.2207500e-01
   2.5499943e+01  -2.6652300e-01
   2.5512443e+01  -2.4421800e-01
   2.5524943e+01  -2.4421800e-01
   2.5537443e+01  -2.2207500e-01
   2.5549943e+01  -1.9993300e-01
   2.5562443e+01  -1.5564800e-01
   2.5574943e+01  -1.3350600e-01
   2.5587443e+01  -1.1185200e-01
   2.5599943e+01  -8.9546500e-02
   2.5612443e+01  -6.7078500e-02
   2.5624943e+01  -4.4936100e-02
   2.5637443e+01  -2.2956500e-02
   2.5649943e+01  -2.2956500e-02
   2.5662443e+01  -0.0000000e+00
   2.5674943e+01  -2.2956500e-02
   2.5687443e+01  -6.7078500e-02
   2.5699943e+01  -8.9546500e-02
   2.5712443e+01  -1.3350600e-01
   2.5724943e+01  -1.5564800e-01
   2.5737443e+01  -1.9993300e-01
   2.5749943e+01  -2.8866600e-01
   2.5762443e+01  -3.5541800e-01
   2.5774943e+01  -3.9954000e-01
   2.5787443e+01  -4.4415100e-01
   2.5799943e+01  -5.0992700e-01
   2.5812443e+01  -5.5421200e-01
   2.5824943e+01  -6.2063900e-01
   2.5837443e+01  -6.4310700e-01
   2.5849943e+01  -6.8739200e-01
   2.5862443e+01  -6.8657800e-01
   2.5874943e+01  -6.8739200e-01
   2.5887443e+01  -7.0953400e-01
   2.5899943e+01  -6.8739200e-01
   2.5912443e+01  -6.6524900e-01
   2.5924943e+01  -6.2063900e-01
   2.5937443e+01  -5.7635400e-01
   2.5949943e+01  -5.3288300e-01
   2.5962443e+01  -4.8778400e-01
   2.5974943e+01  -3.9954000e-01
   2.5987443e+01  -3.5460400e-01
   2.5999943e+01  -3.1064500e-01
   2.6012443e+01  -2.4421800e-01
   2.6024943e+01  -1.7779100e-01
   2.6037443e+01  -1.3350600e-01
   2.6049943e+01  -1.1136300e-01
   2.6062443e+01  -8.9546500e-02
   2.6074943e+01  -6.7078500e-02
   2.6087443e+01  -8.8895300e-02
   2.6099943e+01  -8.9546500e-02
   2.6112443e+01  -1.1136300e-01
   2.6124943e+01  -1.3350600e-01
   2.6137443e+01  -1.7779100e-01
   2.6149943e+01  -2.6652300e-01
   2.6162443e+01  -3.1064500e-01
   2.6174943e+01  -3.5460400e-01
   2.6187443e+01  -4.2168300e-01
   2.6199943e+01  -4.6564200e-01
   2.6212443e+01  -5.1057800e-01
   2.6224943e+01  -5.5486300e-01
   2.6237443e+01  -5.5421200e-01
   2.6249943e+01  -5.7635400e-01
   2.6262443e+01  -5.7635400e-01
   2.6274943e+01  -5.3206900e-01
   2.6287443e+01  -5.0992700e-01
   2.6299943e+01  -4.6629300e-01
   2.6312443e+01  -4.2168300e-01
   2.6324943e+01  -3.5541800e-01
   2.6337443e+01  -2.6652300e-01
   2.6349943e+01  -2.2207500e-01
   2.6362443e+01  -1.5629900e-01
   2.6374943e+01  -1.1185200e-01
   2.6387443e+01  -6.7078500e-02
   2.6399943e+01  -4.4936100e-02
   2.6412443e+01  -2.2956500e-02
   2.6424943e+01  -8.1406000e-04
   2.6437443e+01  -2.2956500e-02
   2.6449943e+01  -4.4610500e-02
   2.6462443e+01  -1.1136300e-01
   2.6474943e+01  -1.7779100e-01
   2.6487443e+01  -2.4421800e-01
   2.6499943e+01  -3.5460400e-01
   2.6512443e+01  -4.2168300e-01
   2.6524943e+01  -4.8778400e-01
   2.6537443e+01  -5.5421200e-01
   2.6549943e+01  -5.9914800e-01
   2.6562443e+01  -6.4310700e-01
   2.6574943e+01  -6.6524900e-01
   2.6587443e+01  -6.6524900e-01
   2.6599943e+01  -6.4310700e-01
   2.6612443e+01  -5.9849700e-01
   2.6624943e+01  -5.3206900e-01
   2.6637443e+01  -4.4350000e-01
   2.6649943e+01  -3.5541800e-01
   2.6662443e+01  -2.2207500e-01
   2.6674943e+01  -1.3399400e-01
   2.6687443e+01  -2.2956500e-02
   2.6699943e+01   6.6590100e-02
   2.6712443e+01   1.7648800e-01
   2.6724943e+01   2.4307800e-01
   2.6737443e+01   3.3164800e-01
   2.6749943e+01   3.5379000e-01
   2.6762443e+01   3.5379000e-01
   2.6774943e+01   3.3164800e-01
   2.6787443e+01   2.8720000e-01
   2.6799943e+01   1.9895600e-01
   2.6812443e+01   1.1022400e-01
   2.6824943e+01  -2.2142400e-02
   2.6837543e+01  -1.5629900e-01
   2.6849943e+01  -2.8866600e-01
   2.6862443e+01  -3.9888900e-01
   2.6874943e+01  -5.5421200e-01
   2.6887443e+01  -6.6524900e-01
   2.6899943e+01  -7.7628700e-01
   2.6912443e+01  -8.4190000e-01
   2.6924943e+01  -8.8683600e-01
   2.6937443e+01  -9.0832800e-01
   2.6949943e+01  -9.0832800e-01
   2.6962443e+01  -9.0832800e-01
   2.6974943e+01  -8.1975800e-01
   2.6987443e+01  -7.5333100e-01
   2.6999943e+01  -6.6524900e-01
   2.7012443e+01  -5.7635400e-01
   2.7024943e+01  -4.4415100e-01
   2.7037443e+01  -3.5541800e-01
   2.7049943e+01  -2.4421800e-01
   2.7062443e+01  -1.5564800e-01
   2.7074943e+01  -6.7078500e-02
   2.7087443e+01  -8.1406000e-04
   2.7099943e+01   2.1491200e-02
   2.7112443e+01   4.3633600e-02
   2.7124943e+01   2.2142400e-02
   2.7137443e+01  -8.1406000e-04
   2.7149943e+01  -4.4610500e-02
   2.7162443e+01  -1.1136300e-01
   2.7174943e+01  -1.7844200e-01
   2.7187443e+01  -2.6652300e-01
   2.7199943e+01  -3.5541800e-01
   2.7212443e+01  -4.2168300e-01
   2.7224943e+01  -4.8778400e-01
   2.7237443e+01  -5.3206900e-01
   2.7249943e+01  -5.7635400e-01
   2.7262443e+01  -6.4310700e-01
   2.7274943e+01  -6.2063900e-01
   2.7287443e+01  -6.2063900e-01
   2.7299943e+01  -6.2063900e-01
   2.7312443e+01  -5.9914800e-01
   2.7324943e+01  -5.7635400e-01
   2.7337443e+01  -5.3206900e-01
   2.7349943e+01  -4.6564200e-01
   2.7362443e+01  -4.4415100e-01
   2.7374943e+01  -3.7674700e-01
   2.7387443e+01  -3.5541800e-01
   2.7399943e+01  -3.1064500e-01
   2.7412443e+01  -2.8866600e-01
   2.7424943e+01  -3.1064500e-01
   2.7437443e+01  -2.6652300e-01
   2.7449943e+01  -3.1064500e-01
   2.7462443e+01  -3.3278800e-01
   2.7474943e+01  -3.3278800e-01
   2.7487443e+01  -3.3278800e-01
   2.7499943e+01  -3.9954000e-01
   2.7512443e+01  -4.2168300e-01
   2.7524943e+01  -4.2168300e-01
   2.7537443e+01  -4.4415100e-01
   2.7549943e+01  -4.8778400e-01
   2.7562443e+01  -4.6564200e-01
   2.7574943e+01  -4.4350000e-01
   2.7587443e+01  -4.2152000e-01
   2.7599943e+01  -4.2168300e-01
   2.7612443e+01  -3.7739800e-01
   2.7624943e+01  -2.8866600e-01
   2.7637443e+01  -2.6652300e-01
   2.7649943e+01  -2.4421800e-01
   2.7662443e+01  -1.9993300e-01
   2.7674943e+01  -1.5564800e-01
   2.7687443e+01  -1.1136300e-01
   2.7699943e+01  -1.3350600e-01
   2.7712443e+01  -8.9546500e-02
   2.7724943e+01  -8.8895300e-02
   2.7737443e+01  -8.8895300e-02
   2.7749943e+01  -1.1185200e-01
   2.7762443e+01  -1.3350600e-01
   2.7774943e+01  -1.3399400e-01
   2.7787443e+01  -1.5629900e-01
   2.7799943e+01  -1.5564800e-01
   2.7812443e+01  -1.3350600e-01
   2.7824943e+01  -2.0074700e-01
   2.7837443e+01  -1.7844200e-01
   2.7849943e+01  -1.7779100e-01
   2.7862443e+01  -1.5564800e-01
   2.7874943e+01  -1.3350600e-01
   2.7887443e+01  -6.6752900e-02
   2.7899943e+01  -6.7078500e-02
   2.7912443e+01  -8.1406000e-04
   2.7924943e+01   4.4447600e-02
   2.7937443e+01   1.1022400e-01
   2.7949943e+01   1.5434600e-01
   2.7962443e+01   1.7616200e-01
   2.7974943e+01   2.2126100e-01
   2.7987443e+01   2.6505800e-01
   2.7999943e+01   2.6505800e-01
   2.8012443e+01   3.0950500e-01
   2.8024943e+01   3.1015700e-01
   2.8037443e+01   2.8720000e-01
   2.8049943e+01   2.8720000e-01
   2.8062443e+01   2.4324100e-01
   2.8074943e+01   2.2093600e-01
   2.8087443e+01   1.9895600e-01
   2.8099943e+01   1.7648800e-01
   2.8112443e+01   1.3220300e-01
   2.8124943e+01   1.5402000e-01
   2.8137443e+01   1.3220300e-01
   2.8149943e+01   1.3220300e-01
   2.8162443e+01   1.5434600e-01
   2.8174943e+01   1.5434600e-01
   2.8187443e+01   1.9895600e-01
   2.8199943e+01   2.2093600e-01
   2.8212443e+01   2.4324100e-01
   2.8224943e+01   3.1015700e-01
   2.8237443e+01   3.7593300e-01
   2.8249943e+01   3.9791200e-01
   2.8262443e+01   4.2086900e-01
   2.8274943e+01   4.8697000e-01
   2.8287443e+01   5.0927600e-01
   2.8299943e+01   5.3109200e-01
   2.8312443e+01   5.3109200e-01
   2.8324943e+01   5.5388600e-01
   2.8337443e+01   5.3141800e-01
   2.8349943e+01   5.0927600e-01
   2.8362443e+01   4.8697000e-01
   2.8374943e+01   4.2021800e-01
   2.8387443e+01   3.9791200e-01
   2.8399943e+01   3.7593300e-01
   2.8412443e+01   3.3164800e-01
   2.8424943e+01   2.8801400e-01
   2.8437443e+01   2.6538300e-01
   2.8449943e+01   2.2126100e-01
   2.8462443e+01   2.2126100e-01
   2.8474943e+01   1.9830500e-01
   2.8487443e+01   2.2093600e-01
   2.8499943e+01   1.9895600e-01
   2.8512443e+01   2.2093600e-01
   2.8524943e+01   2.2093600e-01
   2.8537443e+01   2.6538300e-01
   2.8549943e+01   3.0950500e-01
   2.8562443e+01   2.8720000e-01
   2.8574943e+01   3.3164800e-01
   2.8587443e+01   3.3164800e-01
   2.8599943e+01   3.5379000e-01
   2.8612443e+01   3.9791200e-01
   2.8624943e+01   3.5379000e-01
   2.8637443e+01   3.7593300e-01
   2.8649943e+01   3.5379000e-01
   2.8662443e+01   3.7658400e-01
   2.8674943e+01   3.5379000e-01
   2.8687443e+01   3.5379000e-01
   2.8699943e+01   3.3164800e-01
   2.8712443e+01   3.3164800e-01
   2.8724943e+01   3.0950500e-01
   2.8737443e+01   3.3164800e-01
   2.8749943e+01   3.3164800e-01
   2.8762443e+01   3.0950500e-01
   2.8774943e+01   3.3164800e-01
   2.8787443e+01   3.5379000e-01
   2.8799943e+01   3.5444200e-01
   2.8812443e+01   3.7593300e-01
   2.8824943e+01   3.7593300e-01
   2.8837443e+01   3.7593300e-01
   2.8849943e+01   3.7658400e-01
   2.8862443e+01   3.7593300e-01
   2.8874943e+01   3.3164800e-01
   2.8887443e+01   3.0950500e-01
   2.8899943e+01   2.8720000e-01
   2.8912443e+01   2.6538300e-01
   2.8924943e+01   1.7616200e-01
   2.8937443e+01   1.3220300e-01
   2.8949943e+01   8.7918400e-02
   2.8962443e+01   4.3633600e-02
   2.8974943e+01   2.1491200e-02
   2.8987443e+01  -8.1406000e-04
   2.8999943e+01  -4.4936100e-02
   2.9012443e+01  -2.2956500e-02
   2.9024943e+01  -8.1406000e-04
   2.9037443e+01   2.1491200e-02
   2.9049943e+01   6.5776000e-02
   2.9062443e+01   1.1022400e-01
   2.9074943e+01   1.9895600e-01
   2.9087443e+01   2.6538300e-01
   2.9099943e+01   3.1015700e-01
   2.9112443e+01   3.7593300e-01
   2.9124943e+01   5.0927600e-01
   2.9137443e+01   5.0927600e-01
   2.9149943e+01   6.2031300e-01
   2.9162443e+01   6.2031300e-01
   2.9174943e+01   6.4180500e-01
   2.9187443e+01   6.2031300e-01
   2.9199943e+01   6.2031300e-01
   2.9212443e+01   5.9817100e-01
   2.9224943e+01   5.3141800e-01
   2.9237443e+01   4.8697000e-01
   2.9249943e+01   3.7593300e-01
   2.9262443e+01   2.6538300e-01
   2.9274943e+01   1.7648800e-01
   2.9287443e+01   8.7918400e-02
   2.9299943e+01  -8.1406000e-04
   2.9312443e+01  -6.7078500e-02
   2.9324943e+01  -1.3350600e-01
   2.9337443e+01  -1.9993300e-01
   2.9349943e+01  -2.6652300e-01
   2.9362443e+01  -2.6652300e-01
   2.9374943e+01  -2.4421800e-01
   2.9387443e+01  -2.4421800e-01
   2.9399943e+01  -1.9993300e-01
   2.9412443e+01  -1.5629900e-01
   2.9424943e+01  -8.8895300e-02
   2.9437443e+01  -2.2956500e-02
   2.9450043e+01   4.3633600e-02
   2.9462443e+01   1.3220300e-01
   2.9474943e+01   1.3187800e-01
   2.9487443e+01   2.2126100e-01
   2.9499943e+01   2.2093600e-01
   2.9512443e+01   2.4324100e-01
   2.9524943e+01   2.6538300e-01
   2.9537443e+01   2.6538300e-01
   2.9549943e+01   2.4324100e-01
   2.9562443e+01   1.9895600e-01
   2.9574943e+01   1.7648800e-01
   2.9587443e+01   1.1022400e-01
   2.9599943e+01   8.7918400e-02
   2.9612443e+01   2.1491200e-02
   2.9624943e+01  -4.4936100e-02
   2.9637443e+01  -8.9546500e-02
   2.9649943e+01  -1.3350600e-01
   2.9662443e+01  -1.5629900e-01
   2.9674943e+01  -1.3350600e-01
   2.9687443e+01  -1.7779100e-01
   2.9699943e+01  -1.5564800e-01
   2.9712443e+01  -1.9993300e-01
   2.9724943e+01  -1.3399400e-01
   2.9737443e+01  -1.3399400e-01
   2.9749943e+01  -1.1136300e-01
   2.9762443e+01  -8.8895300e-02
   2.9774943e+01  -8.8895300e-02
   2.9787443e+01  -6.7078500e-02
   2.9799943e+01  -6.7078500e-02
   2.9812443e+01  -6.7078500e-02
   2.9824943e+01  -1.1136300e-01
   2.9837443e+01  -1.3350600e-01
   2.9849943e+01  -1.7779100e-01
   2.9862443e+01  -2.2207500e-01
   2.9874943e+01  -2.8866600e-01
   2.9887443e+01  -3.5541800e-01
   2.9899943e+01  -4.2168300e-01
   2.9912443e+01  -5.0992700e-01
   2.9924943e+01  -5.5486300e-01
   2.9937443e+01  -6.1998800e-01
   2.9949943e+01  -6.6459800e-01
   2.9962443e+01  -6.8739200e-01
   2.9974943e+01  -7.0953400e-01
