   0.0000000e+00   4.6433200e-01
   1.2484121e-02   2.8171300e+00
   2.4981021e-02   9.3998900e-01
   3.7486121e-02   5.4785500e+00
   4.9986121e-02   9.3998900e-01
   6.2486921e-02   9.3998900e-01
   7.4985021e-02   6.0533000e+00
   8.7485121e-02   6.0533000e+00
   9.9985121e-02   2.3471400e+00
   1.1249112e-01   5.4785500e+00
   1.2498512e-01   4.0685600e+00
   1.3748512e-01   5.9428800e+00
   1.4998512e-01   2.1942500e+00
   1.6249212e-01   1.4071500e+00
   1.7498512e-01   4.6461500e+00
   1.8748512e-01   5.1161400e+00
   1.9998512e-01   9.3998900e-01
   2.1249112e-01   3.7514600e+00
   2.2498512e-01   5.1161400e+00
   2.3748512e-01   5.0057200e+00
   2.4998512e-01   1.8743100e+00
   2.6249212e-01   4.6433200e-01
   2.7498512e-01   5.5861400e+00
   2.8748412e-01   5.4785500e+00
   2.9998512e-01   1.4071500e+00
   3.1248712e-01   3.6014000e+00
   3.2498412e-01   2.3471400e+00
   3.3748412e-01   4.5357300e+00
   3.4998412e-01  -9.3715700e-01
   3.6249212e-01   2.8171300e+00
   3.7498412e-01   3.6014000e+00
   3.8748512e-01   2.8171300e+00
   3.9998512e-01   9.3998900e-01
   4.1249112e-01   3.6014000e+00
   4.2498412e-01   4.5357300e+00
   4.3748112e-01   3.1370700e+00
   4.4998612e-01   9.3998900e-01
   4.6249112e-01   4.0685600e+00
   4.7498512e-01   5.0057200e+00
   4.8748512e-01   5.0057200e+00
   4.9998512e-01  -4.6999400e-01
   5.1249112e-01   4.2186200e+00
   5.2498512e-01   3.6014000e+00
   5.3748512e-01   4.6461500e+00
   5.4998412e-01   9.3998900e-01
   5.6248712e-01   2.8171300e+00
   5.7498412e-01   4.0685600e+00
   5.8748512e-01   5.4785500e+00
   5.9998612e-01   1.8743100e+00
   6.1249112e-01   6.0533000e+00
   6.2498412e-01   3.1370700e+00
   6.3748412e-01   3.6014000e+00
   6.4998612e-01  -4.6999400e-01
   6.6249112e-01   3.6014000e+00
   6.7498512e-01   5.0057200e+00
   6.8748512e-01   5.0057200e+00
   7.0000612e-01   2.6614100e+00
   7.1248512e-01   2.8171300e+00
   7.2498412e-01   4.0685600e+00
   7.3748512e-01   4.0685600e+00
   7.4998412e-01   4.6433200e-01
   7.6248712e-01   5.4785500e+00
   7.7498412e-01   5.0057200e+00
   7.8748512e-01   4.0685600e+00
   7.9998512e-01   1.8743100e+00
   8.1248612e-01   3.6014000e+00
   8.2498412e-01   6.0533000e+00
   8.3748512e-01   6.4213700e+00
   8.4998512e-01   2.6614100e+00
   8.6249112e-01   3.1370700e+00
   8.7498512e-01   4.0685600e+00
   8.8748512e-01   5.1161400e+00
   8.9998512e-01  -4.6999400e-01
   9.1249212e-01   2.3471400e+00
   9.2498512e-01   3.6014000e+00
   9.3748512e-01   4.6461500e+00
   9.4998512e-01   0.0000000e+00
   9.6249312e-01   3.6014000e+00
   9.7498512e-01   4.6461500e+00
   9.8748512e-01   5.0057200e+00
   9.9998312e-01  -4.6999400e-01
   1.0124931e+00   4.6461500e+00
   1.0249831e+00   5.0057200e+00
   1.0374831e+00   4.6461500e+00
   1.0499831e+00   1.4071500e+00
   1.0624831e+00   4.5357300e+00
   1.0749831e+00   4.0685600e+00
   1.0874831e+00   6.0533000e+00
   1.0999831e+00   9.3998900e-01
   1.1124931e+00   1.8743100e+00
   1.1249831e+00   3.6014000e+00
   1.1374831e+00   3.6014000e+00
   1.1499831e+00   1.4071500e+00
   1.1624931e+00   5.0057200e+00
   1.1749831e+00   5.1161400e+00
   1.1874831e+00   6.5232900e+00
   1.1999831e+00   9.3998900e-01
   1.2124931e+00   5.1161400e+00
   1.2249831e+00   5.1161400e+00
   1.2374831e+00   6.0533000e+00
   1.2499831e+00   3.2843000e+00
   1.2624931e+00   5.4785500e+00
   1.2749831e+00   6.5232900e+00
   1.2874831e+00   6.9904600e+00
   1.2999831e+00   1.4071500e+00
   1.3124831e+00   3.6014000e+00
   1.3249831e+00   6.5232900e+00
   1.3374831e+00   6.0533000e+00
   1.3499831e+00   2.6614100e+00
   1.3624931e+00   2.8171300e+00
   1.3749831e+00   5.0057200e+00
   1.3874831e+00   6.0533000e+00
   1.3999831e+00   4.6433200e-01
   1.4124931e+00   2.8171300e+00
   1.4249831e+00   3.1370700e+00
   1.4374831e+00   2.6614100e+00
   1.4499831e+00   1.4071500e+00
   1.4624931e+00   2.6614100e+00
   1.4749831e+00   4.6461500e+00
   1.4874831e+00   5.0057200e+00
   1.4999831e+00   1.4071500e+00
   1.5124931e+00   2.1942500e+00
   1.5249831e+00   4.0685600e+00
   1.5374831e+00   2.1942500e+00
   1.5499831e+00   4.6433200e-01
   1.5624831e+00   4.6461500e+00
   1.5749831e+00   6.0533000e+00
   1.5874831e+00   8.8647700e+00
   1.5999831e+00   2.6614100e+00
   1.6124931e+00   4.5357300e+00
   1.6249831e+00   7.4547900e+00
   1.6374831e+00   4.2186200e+00
   1.6499831e+00   4.6433200e-01
   1.6624931e+00   5.0057200e+00
   1.6749831e+00   6.9904600e+00
   1.6874831e+00   7.4547900e+00
   1.6999831e+00   2.8171300e+00
   1.7124931e+00   4.0685600e+00
   1.7249831e+00   5.5861400e+00
   1.7374831e+00   4.6461500e+00
   1.7499831e+00   1.7270900e+00
   1.7624931e+00   5.4785500e+00
   1.7749831e+00   4.5357300e+00
   1.7874831e+00   7.9304500e+00
   1.7999831e+00  -4.6999400e-01
   1.8124831e+00   1.8743100e+00
   1.8249831e+00   3.6014000e+00
   1.8374831e+00   1.8743100e+00
   1.8499831e+00   9.3998900e-01
   1.8624931e+00   3.1370700e+00
   1.8749831e+00   3.1370700e+00
   1.8874831e+00   6.0533000e+00
   1.8999831e+00  -9.3715700e-01
   1.9124931e+00   1.8743100e+00
   1.9249831e+00   5.5861400e+00
   1.9374831e+00   4.5357300e+00
   1.9499831e+00   0.0000000e+00
   1.9624831e+00   4.0685600e+00
   1.9749831e+00   3.6014000e+00
   1.9874831e+00   6.5232900e+00
   1.9999831e+00  -4.6999400e-01
   2.0124931e+00   4.5357300e+00
   2.0249831e+00   4.0685600e+00
   2.0374831e+00   2.8171300e+00
   2.0499831e+00   1.4071500e+00
   2.0624831e+00   5.1161400e+00
   2.0749831e+00   4.5357300e+00
   2.0874831e+00   6.9904600e+00
   2.0999831e+00   1.7270900e+00
   2.1124931e+00   2.3471400e+00
   2.1249831e+00   3.6014000e+00
   2.1374831e+00   4.2186200e+00
   2.1499831e+00  -4.6999400e-01
   2.1624931e+00   4.5357300e+00
   2.1749831e+00   3.2843000e+00
   2.1874831e+00   6.0533000e+00
   2.1999831e+00   0.0000000e+00
   2.2124931e+00   1.4071500e+00
   2.2249831e+00   3.6014000e+00
   2.2374831e+00   2.6614100e+00
   2.2499831e+00  -4.6999400e-01
   2.2624931e+00   1.8743100e+00
   2.2749831e+00   3.1370700e+00
   2.2874831e+00   5.0057200e+00
   2.2999831e+00  -9.3715700e-01
   2.3124831e+00  -4.6999400e-01
   2.3249831e+00   2.8171300e+00
   2.3374831e+00   4.5357300e+00
   2.3499831e+00   9.3998900e-01
   2.3624931e+00   5.5861400e+00
   2.3749831e+00   5.1161400e+00
   2.3874831e+00   5.0057200e+00
   2.3999831e+00   3.2843000e+00
   2.4124931e+00   5.0057200e+00
   2.4249831e+00   5.1161400e+00
   2.4374831e+00   5.0057200e+00
   2.4499831e+00   0.0000000e+00
   2.4624931e+00   2.1942500e+00
   2.4749831e+00   3.6014000e+00
   2.4874831e+00   4.6461500e+00
   2.4999831e+00  -4.6999400e-01
   2.5124931e+00   9.3998900e-01
   2.5249831e+00   3.6014000e+00
   2.5374831e+00   4.0685600e+00
   2.5499831e+00   9.3998900e-01
   2.5624831e+00   2.1942500e+00
   2.5749831e+00   2.3471400e+00
   2.5874831e+00   4.0685600e+00
   2.5999831e+00  -1.4043200e+00
   2.6124931e+00   3.2843000e+00
   2.6249831e+00   3.2843000e+00
   2.6374831e+00   2.8171300e+00
   2.6499831e+00  -9.3715700e-01
   2.6624931e+00   3.7514600e+00
   2.6749831e+00   2.8171300e+00
   2.6874831e+00   4.0685600e+00
   2.6999831e+00  -9.3715700e-01
   2.7124931e+00   2.1942500e+00
   2.7249831e+00   4.0685600e+00
   2.7374831e+00   4.0685600e+00
   2.7499831e+00   0.0000000e+00
   2.7624931e+00   2.6614100e+00
   2.7749831e+00   3.1370700e+00
   2.7874831e+00   6.0533000e+00
   2.7999831e+00   1.7270900e+00
   2.8124831e+00   3.1370700e+00
   2.8249831e+00   5.5861400e+00
   2.8374831e+00   5.4785500e+00
   2.8499831e+00   1.4071500e+00
   2.8624931e+00   2.3471400e+00
   2.8749831e+00   2.6614100e+00
   2.8874831e+00   4.5357300e+00
   2.8999831e+00   9.3998900e-01
   2.9124931e+00   4.0685600e+00
   2.9249831e+00   3.1370700e+00
   2.9374831e+00   4.5357300e+00
   2.9499831e+00  -1.8771500e+00
   2.9624931e+00   4.0685600e+00
   2.9749831e+00   5.1161400e+00
   2.9874831e+00   5.9428800e+00
   2.9999831e+00   1.8743100e+00
   3.0125131e+00   4.6461500e+00
   3.0249831e+00   4.5357300e+00
   3.0374831e+00   3.1370700e+00
   3.0499831e+00  -1.4043200e+00
   3.0624831e+00   3.1370700e+00
   3.0749831e+00   5.5861400e+00
   3.0874831e+00   3.6014000e+00
   3.0999831e+00   4.6433200e-01
   3.1124931e+00   5.4785500e+00
   3.1249831e+00   4.2186200e+00
   3.1374831e+00   6.0533000e+00
   3.1499831e+00  -4.6999400e-01
   3.1624931e+00   5.0057200e+00
   3.1749831e+00   5.0057200e+00
   3.1874831e+00   3.6014000e+00
   3.1999831e+00  -4.6999400e-01
   3.2124931e+00   3.6014000e+00
   3.2249831e+00   2.6614100e+00
   3.2374831e+00   3.1370700e+00
   3.2499831e+00  -1.8771500e+00
   3.2624931e+00   2.6614100e+00
   3.2749831e+00   1.8743100e+00
   3.2874831e+00   2.3471400e+00
   3.2999831e+00   4.6433200e-01
   3.3124831e+00   2.1942500e+00
   3.3249831e+00   4.2186200e+00
   3.3374831e+00   5.0057200e+00
   3.3499831e+00   9.3998900e-01
   3.3624931e+00   2.3471400e+00
   3.3749831e+00   3.2843000e+00
   3.3874831e+00   0.0000000e+00
   3.3999831e+00  -9.3715700e-01
   3.4124931e+00   3.7514600e+00
   3.4249831e+00   3.6014000e+00
   3.4374831e+00   4.5357300e+00
   3.4499831e+00   4.6433200e-01
   3.4624931e+00   1.8743100e+00
   3.4749831e+00   4.5357300e+00
   3.4874831e+00   1.8743100e+00
   3.4999831e+00   0.0000000e+00
   3.5124931e+00   2.8171300e+00
   3.5249831e+00   3.2843000e+00
   3.5374831e+00   2.8171300e+00
   3.5499831e+00  -2.3443100e+00
   3.5624831e+00   3.1370700e+00
   3.5749831e+00   4.5357300e+00
   3.5874931e+00   9.3998900e-01
   3.5999831e+00  -2.8143000e+00
   3.6124931e+00   3.1370700e+00
   3.6249831e+00   2.1942500e+00
   3.6374831e+00   5.4785500e+00
   3.6499831e+00  -1.4043200e+00
   3.6624931e+00   2.6614100e+00
   3.6749831e+00   3.6014000e+00
   3.6874831e+00   4.6433200e-01
   3.6999831e+00   9.3998900e-01
   3.7124931e+00   4.1789900e+00
   3.7249831e+00   3.2843000e+00
   3.7374831e+00   2.8171300e+00
   3.7499831e+00  -1.8771500e+00
   3.7624931e+00   2.3471400e+00
   3.7749831e+00   4.5357300e+00
   3.7874831e+00   1.4071500e+00
   3.7999831e+00  -4.6999400e-01
   3.8124831e+00   4.5357300e+00
   3.8249831e+00   2.6614100e+00
   3.8374831e+00   4.0685600e+00
   3.8499831e+00  -4.6999400e-01
   3.8624931e+00   9.3998900e-01
   3.8749831e+00   3.2843000e+00
   3.8874831e+00   4.6433200e-01
   3.8999831e+00  -4.6999400e-01
   3.9124931e+00   4.5357300e+00
   3.9249831e+00   3.7514600e+00
   3.9374831e+00   5.4785500e+00
   3.9499831e+00  -1.4043200e+00
   3.9624931e+00   1.8743100e+00
   3.9749831e+00   5.0057200e+00
   3.9874831e+00   2.6614100e+00
   3.9999831e+00   2.8171300e+00
   4.0124931e+00   5.9428800e+00
   4.0249831e+00   5.5861400e+00
   4.0374831e+00   5.4785500e+00
   4.0499831e+00   9.3998900e-01
   4.0624831e+00   2.3471400e+00
   4.0749831e+00   4.5357300e+00
   4.0874831e+00   9.3998900e-01
   4.0999831e+00  -9.3715700e-01
   4.1124931e+00   5.4785500e+00
   4.1249831e+00   4.0685600e+00
   4.1374831e+00   5.4785500e+00
   4.1499831e+00   4.6433200e-01
   4.1624931e+00   3.6014000e+00
   4.1749831e+00   5.5861400e+00
   4.1874831e+00   2.1942500e+00
   4.1999831e+00   1.4071500e+00
   4.2124931e+00   5.0057200e+00
   4.2249831e+00   3.1370700e+00
   4.2374831e+00   5.4785500e+00
   4.2499831e+00   4.6433200e-01
   4.2624931e+00   3.6014000e+00
   4.2749831e+00   4.5357300e+00
   4.2874831e+00   1.8743100e+00
   4.2999831e+00   9.3998900e-01
   4.3124831e+00   5.5861400e+00
   4.3249831e+00   2.3471400e+00
   4.3374831e+00   6.9904600e+00
   4.3499831e+00   2.3471400e+00
   4.3624931e+00   5.1161400e+00
   4.3749831e+00   5.5861400e+00
   4.3874831e+00   5.5861400e+00
   4.3999831e+00   2.8171300e+00
   4.4124931e+00   7.9304500e+00
   4.4249831e+00   6.5232900e+00
   4.4374831e+00   6.9904600e+00
   4.4499831e+00   2.8171300e+00
   4.4624931e+00   6.5232900e+00
   4.4749831e+00   9.8047600e+00
   4.4874831e+00   6.5232900e+00
   4.4999831e+00   5.0057200e+00
   4.5124931e+00   9.8047600e+00
   4.5249831e+00   6.4213700e+00
   4.5374831e+00   7.4547900e+00
   4.5499831e+00   3.6014000e+00
   4.5624831e+00   6.5232900e+00
   4.5749831e+00   7.9304500e+00
   4.5874831e+00   6.0533000e+00
   4.5999831e+00   4.6461500e+00
   4.6124931e+00   8.8647700e+00
   4.6249831e+00   8.8647700e+00
   4.6374831e+00   1.0741900e+01
   4.6499831e+00   5.9428800e+00
   4.6624931e+00   1.0271900e+01
   4.6749831e+00   1.2149100e+01
   4.6874831e+00   1.0741900e+01
   4.6999831e+00   7.9304500e+00
   4.7124931e+00   1.3086200e+01
   4.7249831e+00   1.2616200e+01
   4.7374831e+00   1.4807700e+01
   4.7499831e+00   1.2149100e+01
   4.7624931e+00   1.3086200e+01
   4.7749831e+00   1.5430500e+01
   4.7874831e+00   1.3556200e+01
   4.7999831e+00   1.1679100e+01
   4.8124831e+00   1.8661000e+01
   4.8249831e+00   1.7624800e+01
   4.8374831e+00   1.8193900e+01
   4.8499831e+00   1.6684800e+01
   4.8624931e+00   1.9603900e+01
   4.8749831e+00   2.1008200e+01
   4.8874831e+00   2.1008200e+01
   4.8999831e+00   2.1478200e+01
   4.9124931e+00   2.6011100e+01
   4.9249831e+00   2.7993000e+01
   4.9374831e+00   3.0798800e+01
   4.9499831e+00   2.6011100e+01
   4.9624931e+00   3.1741600e+01
   4.9749831e+00   3.4550200e+01
   4.9874831e+00   3.5017400e+01
   4.9999831e+00   3.4550200e+01
   5.0124931e+00   4.1999400e+01
   5.0249831e+00   4.3398000e+01
   5.0374831e+00   4.8859600e+01
   5.0499831e+00   4.7146700e+01
   5.0624831e+00   5.4117300e+01
   5.0749831e+00   5.7393100e+01
   5.0874831e+00   6.0513200e+01
   5.0999831e+00   6.1453200e+01
   5.1124931e+00   7.2789600e+01
   5.1249831e+00   7.7407500e+01
   5.1374831e+00   8.2551900e+01
   5.1499831e+00   8.5196400e+01
   5.1624931e+00   9.6524400e+01
   5.1749831e+00   1.0487400e+02
   5.1874831e+00   1.1509800e+02
   5.1999831e+00   1.2297100e+02
   5.2124931e+00   1.4141700e+02
   5.2249831e+00   1.6664400e+02
   5.2374831e+00   2.0316500e+02
   5.2499831e+00   2.4927500e+02
   5.2624931e+00   2.9686900e+02
   5.2749831e+00   3.2897300e+02
   5.2874831e+00   3.5806500e+02
   5.2999831e+00   3.8101000e+02
   5.3124831e+00   4.0439000e+02
   5.3249831e+00   4.2358400e+02
   5.3374831e+00   4.3733500e+02
   5.3499831e+00   4.4830400e+02
   5.3624931e+00   4.6250300e+02
   5.3749831e+00   4.6929800e+02
   5.3874831e+00   4.7739800e+02
   5.3999831e+00   4.7978800e+02
   5.4124931e+00   4.8788000e+02
   5.4249831e+00   4.9211500e+02
   5.4374831e+00   4.9165100e+02
   5.4499831e+00   4.9257900e+02
   5.4624931e+00   4.9534600e+02
   5.4749831e+00   4.9626900e+02
   5.4874831e+00   4.9743800e+02
   5.4999831e+00   4.9350200e+02
   5.5124931e+00   4.9626900e+02
   5.5250031e+00   4.9165100e+02
   5.5374831e+00   4.8741800e+02
   5.5499831e+00   4.8695900e+02
   5.5624831e+00   4.8532900e+02
   5.5749831e+00   4.8163700e+02
   5.5874831e+00   4.7739800e+02
   5.5999831e+00   4.7022400e+02
   5.6124931e+00   4.6975900e+02
   5.6250031e+00   4.6342800e+02
   5.6374831e+00   4.5880500e+02
   5.6499831e+00   4.5363500e+02
   5.6624931e+00   4.5363500e+02
   5.6749831e+00   4.4968500e+02
   5.6874831e+00   4.4359500e+02
   5.6999831e+00   4.3502200e+02
   5.7124931e+00   4.3548900e+02
   5.7250031e+00   4.2959700e+02
   5.7374831e+00   4.2219400e+02
   5.7499831e+00   4.2072700e+02
   5.7624931e+00   4.2081200e+02
   5.7749831e+00   4.1584600e+02
   5.7874831e+00   4.1020600e+02
   5.7999831e+00   4.0161300e+02
   5.8124831e+00   4.0161300e+02
   5.8250031e+00   3.9690200e+02
   5.8374831e+00   3.8922900e+02
   5.8499831e+00   3.8729200e+02
   5.8624931e+00   3.8775100e+02
   5.8749831e+00   3.8425400e+02
   5.8874831e+00   3.8101000e+02
   5.8999831e+00   3.7637800e+02
   5.9124931e+00   3.7683900e+02
   5.9249831e+00   3.7443800e+02
   5.9374831e+00   3.7000700e+02
   5.9499831e+00   3.6722400e+02
   5.9624931e+00   3.6954300e+02
   5.9749831e+00   3.6861100e+02
   5.9874831e+00   3.6629800e+02
   5.9999831e+00   3.6131500e+02
   6.0124931e+00   3.6444100e+02
   6.0249831e+00   3.6583400e+02
   6.0374831e+00   3.6157300e+02
   6.0499831e+00   3.6270300e+02
   6.0624831e+00   3.6722400e+02
   6.0749831e+00   3.6676000e+02
   6.0874831e+00   3.6814700e+02
   6.0999831e+00   3.6482000e+02
   6.1124931e+00   3.6954300e+02
   6.1249831e+00   3.7324900e+02
   6.1374831e+00   3.6954300e+02
   6.1499831e+00   3.7139500e+02
   6.1624931e+00   3.7962200e+02
   6.1749831e+00   3.7915800e+02
   6.1874831e+00   3.8008400e+02
   6.1999831e+00   3.7637800e+02
   6.2124931e+00   3.8286400e+02
   6.2249831e+00   3.8645400e+02
   6.2374831e+00   3.8332600e+02
   6.2499831e+00   3.8544100e+02
   6.2624931e+00   3.9340500e+02
   6.2749831e+00   3.9386100e+02
   6.2874831e+00   3.9551200e+02
   6.2999831e+00   3.9154500e+02
   6.3124831e+00   3.9875000e+02
   6.3249831e+00   3.9884100e+02
   6.3374831e+00   3.9597600e+02
   6.3499831e+00   3.9782700e+02
   6.3624931e+00   4.0392900e+02
   6.3749831e+00   4.0532200e+02
   6.3874831e+00   4.0670600e+02
   6.3999831e+00   4.0069300e+02
   6.4124931e+00   4.0670600e+02
   6.4249831e+00   4.0835400e+02
   6.4374831e+00   4.0532200e+02
   6.4499831e+00   4.0392900e+02
   6.4624931e+00   4.1121700e+02
   6.4749831e+00   4.1121700e+02
   6.4874831e+00   4.1121700e+02
   6.4999831e+00   4.0578600e+02
   6.5124931e+00   4.0881300e+02
   6.5249831e+00   4.1067000e+02
   6.5374831e+00   4.0532200e+02
   6.5499831e+00   4.0392900e+02
   6.5624831e+00   4.0974200e+02
   6.5749831e+00   4.0982400e+02
   6.5874831e+00   4.0928000e+02
   6.5999831e+00   4.0439000e+02
   6.6124831e+00   4.0789000e+02
   6.6249831e+00   4.0763500e+02
   6.6374831e+00   4.0253900e+02
   6.6499831e+00   4.0115400e+02
   6.6624931e+00   4.0650000e+02
   6.6749831e+00   4.0696100e+02
   6.6874831e+00   4.0532200e+02
   6.6999831e+00   3.9921200e+02
   6.7124931e+00   4.0300300e+02
   6.7249831e+00   4.0439000e+02
   6.7374831e+00   3.9976100e+02
   6.7499831e+00   3.9782700e+02
   6.7624831e+00   4.0532200e+02
   6.7749831e+00   4.0300300e+02
   6.7874831e+00   4.0115400e+02
   6.7999831e+00   3.9690200e+02
   6.8124831e+00   4.0115400e+02
   6.8249831e+00   4.0115400e+02
   6.8374831e+00   3.9571300e+02
   6.8499831e+00   3.9479200e+02
   6.8624931e+00   4.0069300e+02
   6.8749831e+00   3.9976100e+02
   6.8874831e+00   3.9875000e+02
   6.8999831e+00   3.9293200e+02
   6.9124931e+00   3.9524800e+02
   6.9249831e+00   3.9643500e+02
   6.9374831e+00   3.9479200e+02
   6.9499831e+00   3.9386100e+02
   6.9624931e+00   3.9929700e+02
   6.9749831e+00   3.9875000e+02
   6.9874831e+00   3.9643500e+02
   6.9999831e+00   3.9293200e+02
   7.0124931e+00   3.9551200e+02
   7.0249831e+00   3.9340500e+02
   7.0374831e+00   3.8969600e+02
   7.0499831e+00   3.8877000e+02
   7.0624831e+00   3.9340500e+02
   7.0749831e+00   3.9154500e+02
   7.0874831e+00   3.8969600e+02
   7.0999831e+00   3.8451500e+02
   7.1124931e+00   3.8590500e+02
   7.1249831e+00   3.8497900e+02
   7.1374831e+00   3.8240300e+02
   7.1499831e+00   3.7823200e+02
   7.1624931e+00   3.8286400e+02
   7.1749831e+00   3.8193500e+02
   7.1874831e+00   3.7962200e+02
   7.1999831e+00   3.7545200e+02
   7.2124931e+00   3.7823200e+02
   7.2249831e+00   3.7777100e+02
   7.2374831e+00   3.7278500e+02
   7.2499831e+00   3.6954300e+02
   7.2624931e+00   3.7443800e+02
   7.2749831e+00   3.7232000e+02
   7.2874831e+00   3.6954300e+02
   7.2999831e+00   3.6537000e+02
   7.3124831e+00   3.6722400e+02
   7.3249831e+00   3.6435300e+02
   7.3374831e+00   3.6270300e+02
   7.3499831e+00   3.5945200e+02
   7.3624931e+00   3.6111100e+02
   7.3749831e+00   3.5899300e+02
   7.3874831e+00   3.5760300e+02
   7.3999831e+00   3.5194600e+02
   7.4124931e+00   3.5435300e+02
   7.4249831e+00   3.5389400e+02
   7.4374831e+00   3.5029600e+02
   7.4499831e+00   3.4704300e+02
   7.4624931e+00   3.4916900e+02
   7.4749831e+00   3.4936700e+02
   7.4874831e+00   3.4240800e+02
   7.4999831e+00   3.4240800e+02
   7.5124931e+00   3.4426500e+02
   7.5249831e+00   3.4333600e+02
   7.5374831e+00   3.4101800e+02
   7.5499831e+00   3.3880900e+02
   7.5624831e+00   3.4092700e+02
   7.5749831e+00   3.4092700e+02
   7.5874831e+00   3.3277300e+02
   7.5999831e+00   3.3416900e+02
   7.6124931e+00   3.3555900e+02
   7.6249831e+00   3.3370200e+02
   7.6374831e+00   3.3045400e+02
   7.6499831e+00   3.2999300e+02
   7.6624931e+00   3.3091800e+02
   7.6749831e+00   3.3138600e+02
   7.6874831e+00   3.2545700e+02
   7.6999831e+00   3.2406100e+02
   7.7124931e+00   3.2906400e+02
   7.7249831e+00   3.2758000e+02
   7.7374831e+00   3.2685300e+02
   7.7499831e+00   3.2545700e+02
   7.7624931e+00   3.2851200e+02
   7.7749831e+00   3.3036300e+02
   7.7874831e+00   3.2360200e+02
   7.7999831e+00   3.2777600e+02
   7.8124831e+00   3.3277300e+02
   7.8249831e+00   3.3045400e+02
   7.8374831e+00   3.3231100e+02
   7.8499831e+00   3.2990200e+02
   7.8624931e+00   3.3370200e+02
   7.8749831e+00   3.3788100e+02
   7.8874831e+00   3.3323400e+02
   7.8999831e+00   3.3648500e+02
   7.9124931e+00   3.4333600e+02
   7.9249831e+00   3.4380400e+02
   7.9374831e+00   3.4380400e+02
   7.9499831e+00   3.4472900e+02
   7.9624931e+00   3.4797700e+02
   7.9749831e+00   3.4936700e+02
   7.9874831e+00   3.4612000e+02
   7.9999831e+00   3.4612000e+02
   8.0124931e+00   3.5250400e+02
   8.0249831e+00   3.5102600e+02
   8.0374831e+00   3.4890000e+02
   8.0499831e+00   3.4936700e+02
   8.0624831e+00   3.5102600e+02
   8.0749831e+00   3.5148500e+02
   8.0874831e+00   3.4658400e+02
   8.0999831e+00   3.4751000e+02
   8.1124931e+00   3.5241600e+02
   8.1249831e+00   3.5102600e+02
   8.1375031e+00   3.4983100e+02
   8.1499831e+00   3.4843300e+02
   8.1624931e+00   3.5029600e+02
   8.1749831e+00   3.5055900e+02
   8.1874831e+00   3.4519400e+02
   8.1999831e+00   3.4333600e+02
   8.2124931e+00   3.4797700e+02
   8.2249831e+00   3.4704300e+02
   8.2374831e+00   3.4380400e+02
   8.2499831e+00   3.4287500e+02
   8.2624931e+00   3.4519400e+02
   8.2749831e+00   3.4472900e+02
   8.2874831e+00   3.4046000e+02
   8.2999831e+00   3.4055000e+02
   8.3124831e+00   3.4380400e+02
   8.3249831e+00   3.4333600e+02
   8.3374831e+00   3.4092700e+02
   8.3499831e+00   3.4046000e+02
   8.3624931e+00   3.4287500e+02
   8.3749831e+00   3.3999800e+02
   8.3874831e+00   3.3370200e+02
   8.3999831e+00   3.3323400e+02
   8.4124931e+00   3.3834200e+02
   8.4249831e+00   3.3601800e+02
   8.4374831e+00   3.3184400e+02
   8.4499831e+00   3.2952500e+02
   8.4624931e+00   3.2990200e+02
   8.4749831e+00   3.2999300e+02
   8.4874831e+00   3.2618700e+02
   8.4999831e+00   3.2758000e+02
   8.5124931e+00   3.3323400e+02
   8.5249831e+00   3.3082800e+02
   8.5374831e+00   3.2897300e+02
   8.5499831e+00   3.2758000e+02
   8.5624831e+00   3.2591800e+02
   8.5749831e+00   3.2499300e+02
   8.5874831e+00   3.2081100e+02
   8.5999831e+00   3.1895900e+02
   8.6124931e+00   3.2220100e+02
   8.6249831e+00   3.2034900e+02
   8.6374831e+00   3.1700800e+02
   8.6499831e+00   3.1442100e+02
   8.6624931e+00   3.1469200e+02
   8.6749831e+00   3.1442100e+02
   8.6874831e+00   3.0977400e+02
   8.6999831e+00   3.0838400e+02
   8.7124931e+00   3.1348900e+02
   8.7249831e+00   3.1117000e+02
   8.7374831e+00   3.0838400e+02
   8.7499831e+00   3.0690100e+02
   8.7624931e+00   3.0931300e+02
   8.7749831e+00   3.0791700e+02
   8.7874831e+00   3.0244700e+02
   8.7999831e+00   3.0198300e+02
   8.8124831e+00   3.0337800e+02
   8.8249831e+00   3.0151500e+02
   8.8374831e+00   2.9826500e+02
   8.8499831e+00   2.9733600e+02
   8.8624931e+00   2.9733600e+02
   8.8749831e+00   2.9641100e+02
   8.8874831e+00   2.9046500e+02
   8.8999831e+00   2.8767900e+02
   8.9124931e+00   2.9000100e+02
   8.9249831e+00   2.8907200e+02
   8.9374831e+00   2.8581600e+02
   8.9499831e+00   2.8340400e+02
   8.9624931e+00   2.8396100e+02
   8.9749831e+00   2.8293900e+02
   8.9874831e+00   2.7848000e+02
   8.9999831e+00   2.7708700e+02
   9.0124931e+00   2.7848000e+02
   9.0249831e+00   2.7616100e+02
   9.0374831e+00   2.7290000e+02
   9.0499831e+00   2.7188300e+02
   9.0624831e+00   2.7188300e+02
   9.0749831e+00   2.7048700e+02
   9.0874831e+00   2.6648400e+02
   9.0999831e+00   2.6695400e+02
   9.1124931e+00   2.6927800e+02
   9.1249831e+00   2.6927800e+02
   9.1374831e+00   2.6462700e+02
   9.1499831e+00   2.6276900e+02
   9.1624931e+00   2.6323400e+02
   9.1749831e+00   2.6276900e+02
   9.1874831e+00   2.5942000e+02
   9.1999831e+00   2.5802400e+02
   9.2124931e+00   2.6081600e+02
   9.2249831e+00   2.5821100e+02
   9.2374831e+00   2.5588400e+02
   9.2499831e+00   2.5635400e+02
   9.2624931e+00   2.5895300e+02
   9.2749831e+00   2.5867800e+02
   9.2874831e+00   2.5169600e+02
   9.2999831e+00   2.5169600e+02
   9.3124831e+00   2.5169600e+02
   9.3249831e+00   2.5169600e+02
   9.3374831e+00   2.4834700e+02
   9.3499831e+00   2.4648700e+02
   9.3624931e+00   2.5077000e+02
   9.3749831e+00   2.5216000e+02
   9.3874831e+00   2.4788500e+02
   9.3999831e+00   2.5030000e+02
   9.4124931e+00   2.5449300e+02
   9.4249831e+00   2.5588400e+02
   9.4374831e+00   2.5774700e+02
   9.4499831e+00   2.5942000e+02
   9.4624931e+00   2.6695400e+02
   9.4749831e+00   2.6862400e+02
   9.4874831e+00   2.7113900e+02
   9.4999831e+00   2.7801900e+02
   9.5124931e+00   2.8480000e+02
   9.5249831e+00   2.8953900e+02
   9.5374831e+00   2.9278900e+02
   9.5499831e+00   2.9733600e+02
   9.5624831e+00   3.0430400e+02
   9.5749831e+00   3.1117000e+02
   9.5874831e+00   3.1163500e+02
   9.5999831e+00   3.1802800e+02
   9.6124931e+00   3.2452500e+02
   9.6249831e+00   3.3184400e+02
   9.6374831e+00   3.3036300e+02
   9.6499931e+00   3.3509500e+02
   9.6624831e+00   3.4092700e+02
   9.6749831e+00   3.4426500e+02
   9.6874831e+00   3.4519400e+02
   9.6999831e+00   3.5029600e+02
   9.7124931e+00   3.5528500e+02
   9.7249831e+00   3.5852900e+02
   9.7374831e+00   3.5852900e+02
   9.7499831e+00   3.6038700e+02
   9.7624931e+00   3.6537000e+02
   9.7749831e+00   3.6814700e+02
   9.7874831e+00   3.6814700e+02
   9.7999831e+00   3.7185600e+02
   9.8124831e+00   3.7499000e+02
   9.8249831e+00   3.7730300e+02
   9.8374831e+00   3.7351200e+02
   9.8499831e+00   3.7443800e+02
   9.8624931e+00   3.7962200e+02
   9.8749831e+00   3.7962200e+02
   9.8874831e+00   3.7777100e+02
   9.8999831e+00   3.7915800e+02
   9.9124931e+00   3.8193500e+02
   9.9249831e+00   3.8240300e+02
   9.9374831e+00   3.7962200e+02
   9.9499831e+00   3.8193500e+02
   9.9624931e+00   3.8656500e+02
   9.9749831e+00   3.8691600e+02
   9.9874831e+00   3.8332600e+02
   9.9999431e+00   3.8425400e+02
   1.0012443e+01   3.8147100e+02
   1.0024943e+01   3.7869600e+02
   1.0037443e+01   3.7093000e+02
   1.0049943e+01   3.7046900e+02
   1.0062443e+01   3.6907900e+02
   1.0074943e+01   3.6861100e+02
   1.0087443e+01   3.6296600e+02
   1.0099943e+01   3.6249900e+02
   1.0112443e+01   3.6249900e+02
   1.0124943e+01   3.6084800e+02
   1.0137443e+01   3.5482000e+02
   1.0149943e+01   3.5343000e+02
   1.0162443e+01   3.5667500e+02
   1.0174943e+01   3.5482000e+02
   1.0187443e+01   3.5122200e+02
   1.0199943e+01   3.5148500e+02
   1.0212443e+01   3.5122200e+02
   1.0224943e+01   3.5102600e+02
   1.0237443e+01   3.4565500e+02
   1.0249943e+01   3.4380400e+02
   1.0262443e+01   3.4612000e+02
   1.0274943e+01   3.4612000e+02
   1.0287443e+01   3.4232600e+02
   1.0299943e+01   3.4194300e+02
   1.0312443e+01   3.4380400e+02
   1.0324943e+01   3.4333600e+02
   1.0337443e+01   3.3834200e+02
   1.0349943e+01   3.3648500e+02
   1.0362443e+01   3.3907000e+02
   1.0374943e+01   3.3953700e+02
   1.0387443e+01   3.3601800e+02
   1.0399943e+01   3.3370200e+02
   1.0412443e+01   3.3555900e+02
   1.0424943e+01   3.3416900e+02
   1.0437443e+01   3.2906400e+02
   1.0449943e+01   3.2758000e+02
   1.0462443e+01   3.2999300e+02
   1.0474943e+01   3.2897300e+02
   1.0487443e+01   3.2591800e+02
   1.0499943e+01   3.2452500e+02
   1.0512443e+01   3.2360200e+02
   1.0524943e+01   3.2360200e+02
   1.0537443e+01   3.1895900e+02
   1.0549943e+01   3.1793700e+02
   1.0562443e+01   3.2313500e+02
   1.0574943e+01   3.2220100e+02
   1.0587443e+01   3.1756600e+02
   1.0599943e+01   3.1840400e+02
   1.0612443e+01   3.2034900e+02
   1.0624943e+01   3.2127800e+02
   1.0637443e+01   3.1756600e+02
   1.0649943e+01   3.1608500e+02
   1.0662443e+01   3.1941800e+02
   1.0674943e+01   3.1840400e+02
   1.0687443e+01   3.1395600e+02
   1.0699943e+01   3.1534900e+02
   1.0712443e+01   3.1654400e+02
   1.0724943e+01   3.1488500e+02
   1.0737443e+01   3.1117000e+02
   1.0750043e+01   3.1070300e+02
   1.0762443e+01   3.1488500e+02
   1.0774943e+01   3.1561800e+02
   1.0787443e+01   3.1209600e+02
   1.0799943e+01   3.1442100e+02
   1.0812443e+01   3.1488500e+02
   1.0824943e+01   3.1627500e+02
   1.0837443e+01   3.1070300e+02
   1.0850043e+01   3.1024200e+02
   1.0862443e+01   3.1256300e+02
   1.0874943e+01   3.1163500e+02
   1.0887443e+01   3.0596900e+02
   1.0899943e+01   3.0504000e+02
   1.0912443e+01   3.0457300e+02
   1.0924943e+01   3.0596900e+02
   1.0937443e+01   3.0151500e+02
   1.0949943e+01   3.0337800e+02
   1.0962443e+01   3.0291100e+02
   1.0974943e+01   3.0383700e+02
   1.0987443e+01   2.9826500e+02
   1.0999943e+01   2.9965800e+02
   1.1012443e+01   3.0151500e+02
   1.1024943e+01   3.0012500e+02
   1.1037443e+01   2.9733600e+02
   1.1049943e+01   3.0104800e+02
   1.1062443e+01   3.0012500e+02
   1.1074943e+01   2.9965800e+02
   1.1087443e+01   2.9501800e+02
   1.1099943e+01   2.9492700e+02
   1.1112443e+01   2.9399300e+02
   1.1124943e+01   2.9167100e+02
   1.1137443e+01   2.8767900e+02
   1.1149943e+01   2.8814600e+02
   1.1162443e+01   2.8953900e+02
   1.1174943e+01   2.8907200e+02
   1.1187443e+01   2.8350000e+02
   1.1199943e+01   2.8396100e+02
   1.1212443e+01   2.8201100e+02
   1.1224943e+01   2.8247800e+02
   1.1237443e+01   2.7662000e+02
   1.1249943e+01   2.7755100e+02
   1.1262443e+01   2.7569100e+02
   1.1274943e+01   2.7337000e+02
   1.1287443e+01   2.6881700e+02
   1.1299943e+01   2.6695400e+02
   1.1312443e+01   2.6742100e+02
   1.1324943e+01   2.6416500e+02
   1.1337443e+01   2.5635400e+02
   1.1349943e+01   2.5495800e+02
   1.1362443e+01   2.5262800e+02
   1.1374943e+01   2.4927500e+02
   1.1387443e+01   2.4294700e+02
   1.1399943e+01   2.3783100e+02
   1.1412443e+01   2.3447600e+02
   1.1424943e+01   2.3139900e+02
   1.1437443e+01   2.2216900e+02
   1.1449943e+01   2.1938000e+02
   1.1462443e+01   2.1387900e+02
   1.1474943e+01   2.0642100e+02
   1.1487443e+01   1.9578700e+02
   1.1499943e+01   1.9065900e+02
   1.1512443e+01   1.8234600e+02
   1.1524943e+01   1.7636400e+02
   1.1537443e+01   1.6570700e+02
   1.1549943e+01   1.5870800e+02
   1.1562443e+01   1.5085100e+02
   1.1574943e+01   1.4298300e+02
   1.1587443e+01   1.2577400e+02
   1.1599943e+01   1.1959900e+02
   1.1612443e+01   1.0798500e+02
   1.1624943e+01   9.8228800e+01
   1.1637443e+01   8.3956300e+01
   1.1649943e+01   7.5434100e+01
   1.1662443e+01   6.2851800e+01
   1.1674943e+01   5.1206700e+01
   1.1687443e+01   3.3145900e+01
   1.1699943e+01   2.2882500e+01
   1.1712443e+01   7.9304500e+00
   1.1724943e+01  -3.7514600e+00
   1.1737443e+01  -2.3848000e+01
   1.1749943e+01  -3.5082500e+01
   1.1762443e+01  -4.7724200e+01
   1.1774943e+01  -6.1790100e+01
   1.1787443e+01  -8.2886000e+01
   1.1799943e+01  -9.0994900e+01
   1.1812443e+01  -1.0259200e+02
   1.1824943e+01  -1.1480900e+02
   1.1837443e+01  -1.3221000e+02
   1.1849943e+01  -1.4492000e+02
   1.1862443e+01  -1.5573800e+02
   1.1874943e+01  -1.6563300e+02
   1.1887443e+01  -1.8024000e+02
   1.1899943e+01  -1.8825500e+02
   1.1912443e+01  -1.9498000e+02
   1.1924943e+01  -2.0146300e+02
   1.1937443e+01  -2.1043000e+02
   1.1949943e+01  -2.1468500e+02
   1.1962443e+01  -2.1704700e+02
   1.1974943e+01  -2.1905100e+02
   1.1987443e+01  -2.2507100e+02
   1.1999943e+01  -2.2554600e+02
   1.2012443e+01  -2.2128800e+02
   1.2024943e+01  -2.1999700e+02
   1.2037443e+01  -2.1846000e+02
   1.2049943e+01  -2.1232100e+02
   1.2062443e+01  -2.0854200e+02
   1.2074943e+01  -2.0099000e+02
   1.2087443e+01  -2.0146300e+02
   1.2099943e+01  -1.9061400e+02
   1.2112443e+01  -1.8365700e+02
   1.2124943e+01  -1.7552300e+02
   1.2137443e+01  -1.7093400e+02
   1.2149943e+01  -1.5857200e+02
   1.2162443e+01  -1.4926800e+02
   1.2174943e+01  -1.3798000e+02
   1.2187443e+01  -1.3456800e+02
   1.2199943e+01  -1.2480900e+02
   1.2212443e+01  -1.1211900e+02
   1.2224943e+01  -1.0541500e+02
   1.2237443e+01  -1.0026700e+02
   1.2249943e+01  -9.1326100e+01
   1.2262443e+01  -8.3823200e+01
   1.2274943e+01  -7.3506000e+01
   1.2287443e+01  -7.2568800e+01
   1.2299943e+01  -6.4137200e+01
   1.2312443e+01  -5.5204500e+01
   1.2324943e+01  -5.0071400e+01
   1.2337443e+01  -4.3024300e+01
   1.2349943e+01  -3.4136900e+01
   1.2362443e+01  -2.4788000e+01
   1.2374943e+01  -1.8360900e+01
   1.2387443e+01  -1.4501900e+01
   1.2399943e+01  -7.6105100e+00
   1.2412443e+01   1.8743100e+00
   1.2424943e+01   7.9304500e+00
   1.2437443e+01   1.1679100e+01
   1.2449943e+01   2.3358100e+01
   1.2462443e+01   3.1271600e+01
   1.2474943e+01   3.9550300e+01
   1.2487443e+01   4.2466500e+01
   1.2499943e+01   5.1773000e+01
   1.2512443e+01   6.5295200e+01
   1.2524943e+01   7.2628300e+01
   1.2537443e+01   7.7407500e+01
   1.2549943e+01   8.9044100e+01
   1.2562443e+01   9.6524400e+01
   1.2574943e+01   1.0845300e+02
   1.2587443e+01   1.1416000e+02
   1.2599943e+01   1.2203700e+02
   1.2612443e+01   1.3364800e+02
   1.2624943e+01   1.4158400e+02
   1.2637443e+01   1.4665000e+02
   1.2649943e+01   1.5730700e+02
   1.2662443e+01   1.6477800e+02
   1.2674943e+01   1.7263200e+02
   1.2687443e+01   1.7543200e+02
   1.2699943e+01   1.8374500e+02
   1.2712443e+01   1.9205800e+02
   1.2724943e+01   1.9765000e+02
   1.2737443e+01   1.9951500e+02
   1.2749943e+01   2.0735200e+02
   1.2762443e+01   2.1015300e+02
   1.2774943e+01   2.1704700e+02
   1.2787443e+01   2.1844800e+02
   1.2799943e+01   2.2124600e+02
   1.2812443e+01   2.3000600e+02
   1.2824943e+01   2.3186600e+02
   1.2837443e+01   2.3326400e+02
   1.2849943e+01   2.4062300e+02
   1.2862443e+01   2.4248000e+02
   1.2874943e+01   2.4881400e+02
   1.2887443e+01   2.4667300e+02
   1.2899943e+01   2.4937200e+02
   1.2912443e+01   2.5402300e+02
   1.2924943e+01   2.5681500e+02
   1.2937443e+01   2.5588400e+02
   1.2949943e+01   2.6323400e+02
   1.2962443e+01   2.6556400e+02
   1.2974943e+01   2.6742100e+02
   1.2987443e+01   2.6648400e+02
   1.2999943e+01   2.7048700e+02
   1.3012443e+01   2.7383700e+02
   1.3024943e+01   2.7429800e+02
   1.3037443e+01   2.7429800e+02
   1.3049943e+01   2.7894400e+02
   1.3062443e+01   2.8033700e+02
   1.3074943e+01   2.8247800e+02
   1.3087443e+01   2.7941200e+02
   1.3099943e+01   2.8489000e+02
   1.3112443e+01   2.8721200e+02
   1.3124943e+01   2.8814600e+02
   1.3137443e+01   2.8581600e+02
   1.3149943e+01   2.9000100e+02
   1.3162443e+01   2.9093500e+02
   1.3174943e+01   2.9232800e+02
   1.3187443e+01   2.8953900e+02
   1.3199943e+01   2.9167100e+02
   1.3212443e+01   2.9399300e+02
   1.3224943e+01   2.9492700e+02
   1.3237443e+01   2.9046500e+02
   1.3249943e+01   2.9353400e+02
   1.3262543e+01   2.9093500e+02
   1.3274943e+01   2.9306400e+02
   1.3287443e+01   2.9000100e+02
   1.3299943e+01   2.9093500e+02
   1.3312443e+01   2.9325700e+02
   1.3324943e+01   2.9232800e+02
   1.3337443e+01   2.8814600e+02
   1.3349943e+01   2.9093500e+02
   1.3362543e+01   2.9000100e+02
   1.3374943e+01   2.9046500e+02
   1.3387443e+01   2.8581600e+02
   1.3399943e+01   2.8628300e+02
   1.3412443e+01   2.8721200e+02
   1.3424943e+01   2.8350000e+02
   1.3437443e+01   2.8033700e+02
   1.3449943e+01   2.8247800e+02
   1.3462443e+01   2.7987900e+02
   1.3474943e+01   2.8173300e+02
   1.3487443e+01   2.7662000e+02
   1.3499943e+01   2.7941200e+02
   1.3512443e+01   2.7801900e+02
   1.3524943e+01   2.7708700e+02
   1.3537443e+01   2.7141600e+02
   1.3549943e+01   2.7244100e+02
   1.3562443e+01   2.6974300e+02
   1.3574943e+01   2.7095700e+02
   1.3587443e+01   2.6556400e+02
   1.3599943e+01   2.6556400e+02
   1.3612443e+01   2.6323400e+02
   1.3624943e+01   2.6556400e+02
   1.3637443e+01   2.5895300e+02
   1.3649943e+01   2.6034900e+02
   1.3662443e+01   2.5895300e+02
   1.3674943e+01   2.5849100e+02
   1.3687443e+01   2.5262800e+02
   1.3699943e+01   2.5449300e+02
   1.3712443e+01   2.5030000e+02
   1.3724943e+01   2.4881400e+02
   1.3737443e+01   2.4434900e+02
   1.3749943e+01   2.4480800e+02
   1.3762443e+01   2.4201900e+02
   1.3774943e+01   2.4155200e+02
   1.3787443e+01   2.3540800e+02
   1.3799943e+01   2.3680600e+02
   1.3812443e+01   2.3587200e+02
   1.3824943e+01   2.3447600e+02
   1.3837443e+01   2.2907400e+02
   1.3849943e+01   2.3093400e+02
   1.3862443e+01   2.2814000e+02
   1.3874943e+01   2.2757900e+02
   1.3887443e+01   2.2293000e+02
   1.3899943e+01   2.2432000e+02
   1.3912443e+01   2.2385600e+02
   1.3924943e+01   2.2357000e+02
   1.3937443e+01   2.1658500e+02
   1.3949943e+01   2.1985000e+02
   1.3962543e+01   2.1844800e+02
   1.3974943e+01   2.1509600e+02
   1.3987443e+01   2.1415900e+02
   1.3999943e+01   2.1751700e+02
   1.4012443e+01   2.1658500e+02
   1.4024943e+01   2.1612400e+02
   1.4037443e+01   2.1183200e+02
   1.4049943e+01   2.1415900e+02
   1.4062443e+01   2.1426100e+02
   1.4074943e+01   2.1229900e+02
   1.4087443e+01   2.1323300e+02
   1.4099943e+01   2.1509600e+02
   1.4112443e+01   2.1704700e+02
   1.4124943e+01   2.1798700e+02
   1.4137443e+01   2.1323300e+02
   1.4149943e+01   2.2031100e+02
   1.4162443e+01   2.2171000e+02
   1.4174943e+01   2.2216900e+02
   1.4187443e+01   2.2450700e+02
   1.4199943e+01   2.3047000e+02
   1.4212443e+01   2.3233300e+02
   1.4224943e+01   2.3969100e+02
   1.4237443e+01   2.4062300e+02
   1.4249943e+01   2.5030000e+02
   1.4262443e+01   2.5895300e+02
   1.4274943e+01   2.6323400e+02
   1.4287443e+01   2.6927800e+02
   1.4299943e+01   2.7848000e+02
   1.4312443e+01   2.8396100e+02
   1.4324943e+01   2.8860800e+02
   1.4337443e+01   2.9046500e+02
   1.4349943e+01   2.9826500e+02
   1.4362443e+01   3.0430400e+02
   1.4374943e+01   3.0791700e+02
   1.4387443e+01   3.1256300e+02
   1.4399943e+01   3.1988500e+02
   1.4412443e+01   3.2174500e+02
   1.4424943e+01   3.2758000e+02
   1.4437443e+01   3.2685300e+02
   1.4449943e+01   3.3231100e+02
   1.4462443e+01   3.3695200e+02
   1.4474943e+01   3.3834200e+02
   1.4487443e+01   3.3999800e+02
   1.4499943e+01   3.4612000e+02
   1.4512443e+01   3.5009800e+02
   1.4524943e+01   3.5250400e+02
   1.4537443e+01   3.5296600e+02
   1.4549943e+01   3.5574300e+02
   1.4562443e+01   3.6084800e+02
   1.4574943e+01   3.5852900e+02
   1.4587443e+01   3.6111100e+02
   1.4599943e+01   3.6814700e+02
   1.4612443e+01   3.7046900e+02
   1.4624943e+01   3.7258400e+02
   1.4637443e+01   3.7232000e+02
   1.4649943e+01   3.7730300e+02
   1.4662443e+01   3.8008400e+02
   1.4674943e+01   3.7869600e+02
   1.4687443e+01   3.7962200e+02
   1.4699943e+01   3.8544100e+02
   1.4712443e+01   3.8691600e+02
   1.4724943e+01   3.8877000e+02
   1.4737443e+01   3.8590500e+02
   1.4749943e+01   3.9062200e+02
   1.4762443e+01   3.9247400e+02
   1.4774943e+01   3.9200900e+02
   1.4787443e+01   3.9386100e+02
   1.4799943e+01   3.9875000e+02
   1.4812443e+01   3.9829200e+02
   1.4824943e+01   4.0069300e+02
   1.4837443e+01   3.9736300e+02
   1.4849943e+01   4.0022600e+02
   1.4862443e+01   4.0207700e+02
   1.4874943e+01   4.0161300e+02
   1.4887443e+01   4.0115400e+02
   1.4899943e+01   4.0624200e+02
   1.4912443e+01   4.0578600e+02
   1.4924943e+01   4.0835400e+02
   1.4937443e+01   4.0392900e+02
   1.4949943e+01   4.0742800e+02
   1.4962443e+01   4.0881300e+02
   1.4974943e+01   4.0789000e+02
   1.4987443e+01   4.0855800e+02
   1.4999943e+01   4.1121700e+02
   1.5012443e+01   4.1121700e+02
   1.5024943e+01   4.1353000e+02
   1.5037443e+01   4.1020600e+02
   1.5049943e+01   4.1491700e+02
   1.5062443e+01   4.1537900e+02
   1.5074943e+01   4.1398800e+02
   1.5087443e+01   4.1398800e+02
   1.5099943e+01   4.1676600e+02
   1.5112443e+01   4.1795200e+02
   1.5124943e+01   4.1841400e+02
   1.5137443e+01   4.1491700e+02
   1.5149943e+01   4.1723000e+02
   1.5162443e+01   4.1795200e+02
   1.5174943e+01   4.1630200e+02
   1.5187443e+01   4.1584600e+02
   1.5199943e+01   4.1980100e+02
   1.5212443e+01   4.1980100e+02
   1.5224943e+01   4.1980100e+02
   1.5237443e+01   4.1630200e+02
   1.5249943e+01   4.1908500e+02
   1.5262443e+01   4.1841400e+02
   1.5274943e+01   4.1723000e+02
   1.5287443e+01   4.1584600e+02
   1.5299943e+01   4.1908500e+02
   1.5312443e+01   4.1723000e+02
   1.5324943e+01   4.1769500e+02
   1.5337443e+01   4.1353000e+02
   1.5349943e+01   4.1537900e+02
   1.5362443e+01   4.1306500e+02
   1.5374943e+01   4.1067000e+02
   1.5387443e+01   4.0928000e+02
   1.5399943e+01   4.1121700e+02
   1.5412443e+01   4.1020600e+02
   1.5424943e+01   4.1028800e+02
   1.5437443e+01   4.0392900e+02
   1.5449943e+01   4.0717100e+02
   1.5462443e+01   4.0485500e+02
   1.5474943e+01   4.0115400e+02
   1.5487443e+01   3.9976100e+02
   1.5499943e+01   4.0069300e+02
   1.5512443e+01   3.9875000e+02
   1.5524943e+01   3.9884100e+02
   1.5537443e+01   3.9432500e+02
   1.5549943e+01   3.9432500e+02
   1.5562443e+01   3.9340500e+02
   1.5575043e+01   3.9016000e+02
   1.5587443e+01   3.8590500e+02
   1.5599943e+01   3.8830600e+02
   1.5612443e+01   3.8636600e+02
   1.5624943e+01   3.8544100e+02
   1.5637443e+01   3.7962200e+02
   1.5649943e+01   3.8008400e+02
   1.5662443e+01   3.7683900e+02
   1.5674943e+01   3.7258400e+02
   1.5687443e+01   3.6954300e+02
   1.5699943e+01   3.6907900e+02
   1.5712443e+01   3.6629800e+02
   1.5724943e+01   3.6398200e+02
   1.5737443e+01   3.5760300e+02
   1.5749943e+01   3.5760300e+02
   1.5762443e+01   3.5389400e+02
   1.5774943e+01   3.5029600e+02
   1.5787443e+01   3.4426500e+02
   1.5799943e+01   3.4426500e+02
   1.5812443e+01   3.4046000e+02
   1.5824943e+01   3.3695200e+02
   1.5837443e+01   3.2897300e+02
   1.5849943e+01   3.2804800e+02
   1.5862443e+01   3.2220100e+02
   1.5874943e+01   3.1886800e+02
   1.5887443e+01   3.1256300e+02
   1.5899943e+01   3.1209600e+02
   1.5912443e+01   3.0550800e+02
   1.5924943e+01   3.0012500e+02
   1.5937443e+01   2.9139600e+02
   1.5949943e+01   2.9000100e+02
   1.5962443e+01   2.8256800e+02
   1.5974943e+01   2.7429800e+02
   1.5987443e+01   2.6509700e+02
   1.5999943e+01   2.6416500e+02
   1.6012443e+01   2.5635400e+02
   1.6024943e+01   2.4480800e+02
   1.6037443e+01   2.3726800e+02
   1.6049943e+01   2.3233300e+02
   1.6062443e+01   2.2310900e+02
   1.6074943e+01   2.1509600e+02
   1.6087443e+01   2.0353000e+02
   1.6099943e+01   1.9765000e+02
   1.6112443e+01   1.8794100e+02
   1.6124943e+01   1.7403100e+02
   1.6137443e+01   1.6384100e+02
   1.6149943e+01   1.5721000e+02
   1.6162443e+01   1.4571200e+02
   1.6174943e+01   1.3457700e+02
   1.6187443e+01   1.2006900e+02
   1.6199943e+01   1.1369600e+02
   1.6212443e+01   9.9633100e+01
   1.6224943e+01   8.3797700e+01
   1.6237443e+01   7.1849700e+01
   1.6249943e+01   6.3789000e+01
   1.6262443e+01   5.0736700e+01
   1.6274943e+01   3.6891700e+01
   1.6287443e+01   2.1942500e+01
   1.6299943e+01   1.3086200e+01
   1.6312443e+01   2.3471400e+00
   1.6324943e+01  -1.7319000e+01
   1.6337443e+01  -2.4788000e+01
   1.6349943e+01  -3.5082500e+01
   1.6362443e+01  -4.5849900e+01
   1.6374943e+01  -5.7557300e+01
   1.6387443e+01  -7.1158800e+01
   1.6399943e+01  -7.3976000e+01
   1.6412443e+01  -8.4290400e+01
   1.6424943e+01  -9.8854500e+01
   1.6437443e+01  -1.0447200e+02
   1.6449943e+01  -1.0541500e+02
   1.6462443e+01  -1.0965300e+02
   1.6474943e+01  -1.1258900e+02
   1.6487443e+01  -1.1574900e+02
   1.6499943e+01  -1.1059600e+02
   1.6512443e+01  -1.0588700e+02
   1.6524943e+01  -1.0319800e+02
   1.6537443e+01  -9.7438900e+01
   1.6549943e+01  -8.3823200e+01
   1.6562443e+01  -7.7852000e+01
   1.6574943e+01  -7.0686000e+01
   1.6587443e+01  -6.1320100e+01
   1.6599943e+01  -4.8188600e+01
   1.6612443e+01  -3.4136900e+01
   1.6624943e+01  -2.8542200e+01
   1.6637443e+01  -1.5909000e+01
   1.6649943e+01  -2.8143000e+00
   1.6662443e+01   8.8647700e+00
   1.6674943e+01   1.6214800e+01
   1.6687443e+01   2.7418200e+01
   1.6699943e+01   3.8763200e+01
   1.6712443e+01   4.7613800e+01
   1.6724943e+01   5.1206700e+01
   1.6737443e+01   5.9270200e+01
   1.6749943e+01   6.9978200e+01
   1.6762443e+01   7.4499800e+01
   1.6774943e+01   7.9276100e+01
   1.6787443e+01   8.1150500e+01
   1.6799943e+01   8.4893400e+01
   1.6812443e+01   8.9511300e+01
   1.6824943e+01   9.1849900e+01
   1.6837443e+01   9.7294500e+01
   1.6849943e+01   1.0861700e+02
   1.6862443e+01   1.1136000e+02
   1.6874943e+01   1.1369600e+02
   1.6887443e+01   1.1462500e+02
   1.6899943e+01   1.1976900e+02
   1.6912443e+01   1.2099800e+02
   1.6924943e+01   1.2053400e+02
   1.6937443e+01   1.2390600e+02
   1.6949943e+01   1.2857500e+02
   1.6962443e+01   1.3027900e+02
   1.6974943e+01   1.3214200e+02
   1.6987443e+01   1.3411300e+02
   1.6999943e+01   1.3784700e+02
   1.7012443e+01   1.4327700e+02
   1.7024943e+01   1.3971600e+02
   1.7037443e+01   1.4188200e+02
   1.7049943e+01   1.4758100e+02
   1.7062443e+01   1.4945000e+02
   1.7074943e+01   1.5038700e+02
   1.7087443e+01   1.4945000e+02
   1.7099943e+01   1.5178300e+02
   1.7112443e+01   1.5627900e+02
   1.7124943e+01   1.5411600e+02
   1.7137443e+01   1.5535000e+02
   1.7149943e+01   1.5917200e+02
   1.7162443e+01   1.6104400e+02
   1.7174943e+01   1.6010700e+02
   1.7187443e+01   1.6010700e+02
   1.7199943e+01   1.6337400e+02
   1.7212443e+01   1.6477800e+02
   1.7224943e+01   1.5964500e+02
   1.7237443e+01   1.5964500e+02
   1.7249943e+01   1.6431400e+02
   1.7262443e+01   1.5964500e+02
   1.7274943e+01   1.5870800e+02
   1.7287443e+01   1.5777700e+02
   1.7299943e+01   1.5824400e+02
   1.7312443e+01   1.5917200e+02
   1.7324943e+01   1.5544600e+02
   1.7337443e+01   1.5365100e+02
   1.7349943e+01   1.5777700e+02
   1.7362443e+01   1.5535000e+02
   1.7374943e+01   1.5487700e+02
   1.7387443e+01   1.5272000e+02
   1.7399943e+01   1.5224700e+02
   1.7412443e+01   1.5318700e+02
   1.7424943e+01   1.4571200e+02
   1.7437443e+01   1.4477800e+02
   1.7449943e+01   1.4711700e+02
   1.7462443e+01   1.4561900e+02
   1.7474943e+01   1.4205200e+02
   1.7487443e+01   1.3971600e+02
   1.7499943e+01   1.4064700e+02
   1.7512443e+01   1.3878100e+02
   1.7524943e+01   1.3504700e+02
   1.7537443e+01   1.3308500e+02
   1.7549943e+01   1.3551400e+02
   1.7562443e+01   1.3167500e+02
   1.7574943e+01   1.3184500e+02
   1.7587443e+01   1.2530700e+02
   1.7599943e+01   1.2390600e+02
   1.7612443e+01   1.2343600e+02
   1.7624943e+01   1.1696100e+02
   1.7637443e+01   1.1509800e+02
   1.7649943e+01   1.1696100e+02
   1.7662443e+01   1.1136000e+02
   1.7674943e+01   1.0751500e+02
   1.7687443e+01   1.0254400e+02
   1.7699943e+01   1.0066900e+02
   1.7712443e+01   9.9267900e+01
   1.7724943e+01   9.4961500e+01
   1.7737443e+01   8.9975600e+01
   1.7749943e+01   8.7634100e+01
   1.7762443e+01   8.4729200e+01
   1.7774943e+01   7.7874600e+01
   1.7787443e+01   7.3559800e+01
   1.7799943e+01   7.2628300e+01
   1.7812443e+01   6.9508200e+01
   1.7824943e+01   6.2384700e+01
   1.7837443e+01   5.8803100e+01
   1.7849943e+01   5.9270200e+01
   1.7862443e+01   5.5057300e+01
   1.7874943e+01   5.0269600e+01
   1.7887443e+01   4.4338000e+01
   1.7899943e+01   4.3870800e+01
   1.7912443e+01   3.9077500e+01
   1.7924943e+01   3.4550200e+01
   1.7937443e+01   3.1271600e+01
   1.7949943e+01   3.2203100e+01
   1.7962443e+01   2.8924500e+01
   1.7974943e+01   2.6011100e+01
   1.7987443e+01   2.0073900e+01
   1.7999943e+01   1.9133900e+01
   1.8012443e+01   1.7726700e+01
   1.8024943e+01   1.1206200e+01
   1.8037443e+01   8.3976100e+00
   1.8049943e+01   1.0271900e+01
   1.8062443e+01   5.1161400e+00
   1.8074943e+01  -3.2871300e+00
   1.8087543e+01  -1.8771500e+00
   1.8099943e+01  -2.8143000e+00
   1.8112443e+01  -3.7514600e+00
   1.8124943e+01  -1.0747600e+01
   1.8137443e+01  -1.2624700e+01
   1.8149943e+01  -1.1214700e+01
   1.8162443e+01  -1.4037500e+01
   1.8174943e+01  -2.1648000e+01
   1.8187443e+01  -2.2438000e+01
   1.8199943e+01  -2.1500800e+01
   1.8212443e+01  -2.2118000e+01
   1.8224943e+01  -2.6662300e+01
   1.8237443e+01  -2.9485100e+01
   1.8249943e+01  -2.7129400e+01
   1.8262443e+01  -2.8075100e+01
   1.8274943e+01  -3.4609700e+01
   1.8287443e+01  -3.6956800e+01
   1.8299943e+01  -3.6956800e+01
   1.8312443e+01  -3.5082500e+01
   1.8324943e+01  -3.7896800e+01
   1.8337443e+01  -3.8836800e+01
   1.8349943e+01  -3.6486800e+01
   1.8362443e+01  -3.6486800e+01
   1.8374943e+01  -3.9301100e+01
   1.8387443e+01  -3.6486800e+01
   1.8399943e+01  -3.3196900e+01
   1.8412443e+01  -3.2876900e+01
   1.8424943e+01  -3.6016800e+01
   1.8437443e+01  -3.3196900e+01
   1.8449943e+01  -2.8649800e+01
   1.8462443e+01  -2.4318000e+01
   1.8474943e+01  -2.8075100e+01
   1.8487443e+01  -2.2910800e+01
   1.8499943e+01  -1.4037500e+01
   1.8512443e+01  -8.5533300e+00
   1.8524943e+01  -5.1586100e+00
   1.8537443e+01   1.4071500e+00
   1.8549943e+01   1.0741900e+01
   1.8562443e+01   1.9603900e+01
   1.8574943e+01   2.5224000e+01
   1.8587443e+01   3.1271600e+01
   1.8599943e+01   4.2930900e+01
   1.8612443e+01   5.1671100e+01
   1.8624943e+01   5.2713000e+01
   1.8637443e+01   6.0980300e+01
   1.8649943e+01   6.9978200e+01
   1.8662443e+01   7.7407500e+01
   1.8674943e+01   7.9276100e+01
   1.8687443e+01   8.7169800e+01
   1.8699943e+01   9.5590000e+01
   1.8712443e+01   1.0066900e+02
   1.8724943e+01   1.0347200e+02
   1.8737443e+01   1.0955100e+02
   1.8749943e+01   1.1789500e+02
   1.8762443e+01   1.2297100e+02
   1.8774943e+01   1.2250700e+02
   1.8787443e+01   1.2810700e+02
   1.8799943e+01   1.3738000e+02
   1.8812443e+01   1.4281300e+02
   1.8824943e+01   1.4375000e+02
   1.8837443e+01   1.4898300e+02
   1.8849943e+01   1.5721000e+02
   1.8862443e+01   1.6057700e+02
   1.8874943e+01   1.6244200e+02
   1.8887443e+01   1.6477800e+02
   1.8899943e+01   1.7263200e+02
   1.8912443e+01   1.7729500e+02
   1.8924943e+01   1.7805400e+02
   1.8937443e+01   1.8188200e+02
   1.8949943e+01   1.8776600e+02
   1.8962443e+01   1.9103000e+02
   1.8974943e+01   1.9009300e+02
   1.8987443e+01   1.9299200e+02
   1.8999943e+01   1.9997700e+02
   1.9012443e+01   2.0213700e+02
   1.9024943e+01   2.0213700e+02
   1.9037443e+01   2.0455500e+02
   1.9049943e+01   2.0921500e+02
   1.9062443e+01   2.1462900e+02
   1.9074943e+01   2.1229900e+02
   1.9087443e+01   2.1323300e+02
   1.9099943e+01   2.1891500e+02
   1.9112443e+01   2.1938000e+02
   1.9124943e+01   2.1938000e+02
   1.9137443e+01   2.2077800e+02
   1.9149943e+01   2.2310900e+02
   1.9162443e+01   2.2525200e+02
   1.9174943e+01   2.2124600e+02
   1.9187443e+01   2.2216900e+02
   1.9199943e+01   2.2571900e+02
   1.9212443e+01   2.2674700e+02
   1.9224943e+01   2.2385600e+02
   1.9237443e+01   2.2385600e+02
   1.9249943e+01   2.2618600e+02
   1.9262443e+01   2.2665000e+02
   1.9274943e+01   2.2124600e+02
   1.9287443e+01   2.1938000e+02
   1.9299943e+01   2.2171000e+02
   1.9312443e+01   2.2310900e+02
   1.9324943e+01   2.1938000e+02
   1.9337443e+01   2.1798700e+02
   1.9349943e+01   2.1891500e+02
   1.9362443e+01   2.1844800e+02
   1.9374943e+01   2.1472200e+02
   1.9387443e+01   2.1332400e+02
   1.9399943e+01   2.1612400e+02
   1.9412443e+01   2.1658500e+02
   1.9424943e+01   2.0968300e+02
   1.9437443e+01   2.0828400e+02
   1.9449943e+01   2.0735200e+02
   1.9462443e+01   2.0595700e+02
   1.9474943e+01   2.0119700e+02
   1.9487443e+01   1.9531700e+02
   1.9499943e+01   1.9578700e+02
   1.9512443e+01   1.9392100e+02
   1.9524943e+01   1.8654200e+02
   1.9537443e+01   1.8374500e+02
   1.9549943e+01   1.8141200e+02
   1.9562443e+01   1.7805400e+02
   1.9574943e+01   1.6936800e+02
   1.9587443e+01   1.6600400e+02
   1.9599943e+01   1.6197500e+02
   1.9612443e+01   1.5721000e+02
   1.9624943e+01   1.4898300e+02
   1.9637443e+01   1.4524800e+02
   1.9649943e+01   1.4094400e+02
   1.9662443e+01   1.3691300e+02
   1.9674943e+01   1.2717600e+02
   1.9687443e+01   1.2343600e+02
   1.9699943e+01   1.1773400e+02
   1.9712443e+01   1.1088800e+02
   1.9724943e+01   1.0066900e+02
   1.9737443e+01   9.5117200e+01
   1.9749943e+01   8.9511300e+01
   1.9762443e+01   8.4893400e+01
   1.9774943e+01   7.2155400e+01
   1.9787443e+01   6.6699500e+01
   1.9799943e+01   6.0513200e+01
   1.9812443e+01   5.3647300e+01
   1.9824943e+01   4.2930900e+01
   1.9837443e+01   3.5954600e+01
   1.9849943e+01   2.7885400e+01
   1.9862443e+01   2.2882500e+01
   1.9874943e+01   1.0741900e+01
   1.9887443e+01   6.0533000e+00
   1.9899943e+01  -2.3443100e+00
   1.9912443e+01  -9.3404300e+00
   1.9924943e+01  -1.9196200e+01
   1.9937443e+01  -2.5725100e+01
   1.9949943e+01  -3.2259700e+01
   1.9962443e+01  -3.9301100e+01
   1.9974943e+01  -5.0547000e+01
   1.9987443e+01  -5.5351700e+01
   1.9999943e+01  -6.0850100e+01
   2.0012443e+01  -6.7396000e+01
   2.0024943e+01  -7.6328800e+01
   2.0037443e+01  -8.1008900e+01
   2.0049943e+01  -8.4763200e+01
   2.0062443e+01  -8.9576400e+01
   2.0074943e+01  -9.7908900e+01
   2.0087443e+01  -1.0026700e+02
   2.0099943e+01  -1.0447200e+02
   2.0112443e+01  -1.0683000e+02
   2.0124943e+01  -1.1480900e+02
   2.0137443e+01  -1.1400200e+02
   2.0149943e+01  -1.1716200e+02
   2.0162443e+01  -1.1668900e+02
   2.0174943e+01  -1.2093000e+02
   2.0187443e+01  -1.2140000e+02
   2.0199943e+01  -1.2045700e+02
   2.0212443e+01  -1.1951700e+02
   2.0224943e+01  -1.2480900e+02
   2.0237443e+01  -1.1998700e+02
   2.0249943e+01  -1.1621900e+02
   2.0262443e+01  -1.1574900e+02
   2.0274943e+01  -1.1716200e+02
   2.0287443e+01  -1.1352900e+02
   2.0299943e+01  -1.1247600e+02
   2.0312443e+01  -1.0729700e+02
   2.0324943e+01  -1.0824300e+02
   2.0337443e+01  -1.0179100e+02
   2.0349943e+01  -9.7438900e+01
   2.0362443e+01  -9.1326100e+01
   2.0374943e+01  -8.9913300e+01
   2.0387443e+01  -8.2413200e+01
   2.0400043e+01  -7.4446000e+01
   2.0412443e+01  -6.6592000e+01
   2.0424943e+01  -6.5184800e+01
   2.0437443e+01  -5.6150200e+01
   2.0449943e+01  -4.6784200e+01
   2.0462443e+01  -3.9776800e+01
   2.0474943e+01  -3.2729700e+01
   2.0487443e+01  -2.2438000e+01
   2.0499943e+01  -1.4971900e+01
   2.0512443e+01  -8.5533300e+00
   2.0524943e+01  -5.1586100e+00
   2.0537443e+01   3.2843000e+00
   2.0549943e+01   1.1679100e+01
   2.0562443e+01   1.5744800e+01
   2.0574943e+01   2.0543800e+01
   2.0587443e+01   2.7885400e+01
   2.0599943e+01   3.5487400e+01
   2.0612443e+01   4.1999400e+01
   2.0624943e+01   4.2466500e+01
   2.0637443e+01   5.0838700e+01
   2.0649943e+01   5.9734600e+01
   2.0662443e+01   6.3789000e+01
   2.0674943e+01   6.8571000e+01
   2.0687443e+01   7.6365600e+01
   2.0699943e+01   8.3019100e+01
   2.0712443e+01   9.1377100e+01
   2.0724943e+01   9.4191400e+01
   2.0737443e+01   1.0113700e+02
   2.0749943e+01   1.0938400e+02
   2.0762443e+01   1.1509800e+02
   2.0774943e+01   1.1913200e+02
   2.0787443e+01   1.2951500e+02
   2.0799943e+01   1.3551400e+02
   2.0812443e+01   1.4327700e+02
   2.0824943e+01   1.4561900e+02
   2.0837443e+01   1.5318700e+02
   2.0849943e+01   1.5917200e+02
   2.0862443e+01   1.6693300e+02
   2.0874943e+01   1.6936800e+02
   2.0887443e+01   1.7991700e+02
   2.0899943e+01   1.8607500e+02
   2.0912443e+01   1.9392100e+02
   2.0924943e+01   1.9765000e+02
   2.0937443e+01   2.0409100e+02
   2.0949943e+01   2.1229900e+02
   2.0962443e+01   2.1798700e+02
   2.0974943e+01   2.2263900e+02
   2.0987443e+01   2.3419300e+02
   2.0999943e+01   2.3829300e+02
   2.1012443e+01   2.4695600e+02
   2.1024943e+01   2.5067400e+02
   2.1037443e+01   2.5709300e+02
   2.1049943e+01   2.6742100e+02
   2.1062443e+01   2.7383700e+02
   2.1074943e+01   2.7848000e+02
   2.1087443e+01   2.8814600e+02
   2.1099943e+01   2.9399300e+02
   2.1112443e+01   3.0383700e+02
   2.1124943e+01   3.0596900e+02
   2.1137443e+01   3.1256300e+02
   2.1149943e+01   3.2127800e+02
   2.1162443e+01   3.2685300e+02
   2.1174943e+01   3.2758000e+02
   2.1187443e+01   3.3509500e+02
   2.1199943e+01   3.3953700e+02
   2.1212443e+01   3.4658400e+02
   2.1224943e+01   3.4426500e+02
   2.1237443e+01   3.4843300e+02
   2.1249943e+01   3.5343000e+02
   2.1262443e+01   3.5574300e+02
   2.1274943e+01   3.5621000e+02
   2.1287443e+01   3.6203700e+02
   2.1299943e+01   3.6435300e+02
   2.1312443e+01   3.6768600e+02
   2.1324943e+01   3.6490500e+02
   2.1337443e+01   3.6722400e+02
   2.1349943e+01   3.7304800e+02
   2.1362443e+01   3.7258400e+02
   2.1374943e+01   3.7046900e+02
   2.1387443e+01   3.7443800e+02
   2.1399943e+01   3.7536100e+02
   2.1412443e+01   3.7869600e+02
   2.1424943e+01   3.7629300e+02
   2.1437443e+01   3.7869600e+02
   2.1449943e+01   3.8147100e+02
   2.1462443e+01   3.8240300e+02
   2.1474943e+01   3.7869600e+02
   2.1487443e+01   3.8312500e+02
   2.1499943e+01   3.8332600e+02
   2.1512443e+01   3.8497900e+02
   2.1524943e+01   3.8147100e+02
   2.1537443e+01   3.8379000e+02
   2.1549943e+01   3.8784200e+02
   2.1562443e+01   3.8682800e+02
   2.1574943e+01   3.8332600e+02
   2.1587443e+01   3.8544100e+02
   2.1599943e+01   3.8497900e+02
   2.1612443e+01   3.8737700e+02
   2.1624943e+01   3.8379000e+02
   2.1637443e+01   3.8544100e+02
   2.1649943e+01   3.8830600e+02
   2.1662443e+01   3.8922900e+02
   2.1674943e+01   3.8636600e+02
   2.1687443e+01   3.9062200e+02
   2.1699943e+01   3.8922900e+02
   2.1712443e+01   3.9154500e+02
   2.1724943e+01   3.8729200e+02
   2.1737443e+01   3.9062200e+02
   2.1749943e+01   3.9340500e+02
   2.1762443e+01   3.9340500e+02
   2.1774943e+01   3.9062200e+02
   2.1787443e+01   3.9432500e+02
   2.1799943e+01   3.9479200e+02
   2.1812443e+01   3.9643500e+02
   2.1824943e+01   3.9247400e+02
   2.1837443e+01   3.9744800e+02
   2.1849943e+01   3.9829200e+02
   2.1862443e+01   3.9690200e+02
   2.1874943e+01   3.9340500e+02
   2.1887443e+01   3.9710300e+02
   2.1899943e+01   3.9597600e+02
   2.1912443e+01   3.9837700e+02
   2.1924943e+01   3.9479200e+02
   2.1937443e+01   3.9643500e+02
   2.1949943e+01   3.9643500e+02
   2.1962443e+01   3.9524800e+02
   2.1974943e+01   3.9293200e+02
   2.1987443e+01   3.9432500e+02
   2.1999943e+01   3.9524800e+02
   2.2012443e+01   3.9690200e+02
   2.2024943e+01   3.9293200e+02
   2.2037443e+01   3.9293200e+02
   2.2049943e+01   3.9432500e+02
   2.2062443e+01   3.9293200e+02
   2.2074943e+01   3.8830600e+02
   2.2087443e+01   3.9016000e+02
   2.2099943e+01   3.8830600e+02
   2.2112443e+01   3.8969600e+02
   2.2124943e+01   3.8451500e+02
   2.2137443e+01   3.8497900e+02
   2.2149943e+01   3.8286400e+02
   2.2162443e+01   3.8332600e+02
   2.2174943e+01   3.7536100e+02
   2.2187443e+01   3.7637800e+02
   2.2199943e+01   3.7371600e+02
   2.2212443e+01   3.7304800e+02
   2.2224943e+01   3.7000700e+02
   2.2237443e+01   3.6814700e+02
   2.2249943e+01   3.6676000e+02
   2.2262443e+01   3.6583400e+02
   2.2274943e+01   3.5899300e+02
   2.2287443e+01   3.5899300e+02
   2.2299943e+01   3.5713900e+02
   2.2312443e+01   3.5574300e+02
   2.2324943e+01   3.4916900e+02
   2.2337443e+01   3.5055900e+02
   2.2349943e+01   3.4843300e+02
   2.2362443e+01   3.4612000e+02
   2.2374943e+01   3.3741600e+02
   2.2387443e+01   3.4101800e+02
   2.2399943e+01   3.4055000e+02
   2.2412443e+01   3.3741600e+02
   2.2424943e+01   3.3091800e+02
   2.2437443e+01   3.3231100e+02
   2.2449943e+01   3.2897300e+02
   2.2462443e+01   3.2591800e+02
   2.2474943e+01   3.2034900e+02
   2.2487443e+01   3.2174500e+02
   2.2499943e+01   3.2034900e+02
   2.2512543e+01   3.1654400e+02
   2.2524943e+01   3.1303000e+02
   2.2537443e+01   3.1395600e+02
   2.2549943e+01   3.1348900e+02
   2.2562443e+01   3.1256300e+02
   2.2574943e+01   3.0559800e+02
   2.2587443e+01   3.0652100e+02
   2.2599943e+01   3.0596900e+02
   2.2612543e+01   3.0151500e+02
   2.2624943e+01   3.0104800e+02
   2.2637443e+01   3.0104800e+02
   2.2649943e+01   2.9965800e+02
   2.2662443e+01   3.0104800e+02
   2.2674943e+01   2.9632000e+02
   2.2687443e+01   2.9826500e+02
   2.2699943e+01   2.9733600e+02
   2.2712443e+01   2.9399300e+02
   2.2724943e+01   2.9325700e+02
   2.2737443e+01   2.9594300e+02
   2.2749943e+01   2.9585300e+02
   2.2762443e+01   2.9686900e+02
   2.2774943e+01   2.9232800e+02
   2.2787443e+01   2.9547600e+02
   2.2799943e+01   2.9733600e+02
   2.2812443e+01   2.9492700e+02
   2.2824943e+01   2.9399300e+02
   2.2837443e+01   2.9826500e+02
   2.2849943e+01   2.9873200e+02
   2.2862443e+01   2.9826500e+02
   2.2874943e+01   2.9446000e+02
   2.2887443e+01   2.9780400e+02
   2.2899943e+01   2.9780400e+02
   2.2912443e+01   2.9547600e+02
   2.2924943e+01   2.9538600e+02
   2.2937443e+01   2.9919400e+02
   2.2949943e+01   2.9965800e+02
   2.2962443e+01   3.0318600e+02
   2.2974943e+01   2.9826500e+02
   2.2987443e+01   3.0151500e+02
   2.2999943e+01   3.0504000e+02
   2.3012443e+01   3.0457300e+02
   2.3024943e+01   3.0504000e+02
   2.3037443e+01   3.1024200e+02
   2.3049943e+01   3.1163500e+02
   2.3062443e+01   3.1534900e+02
   2.3074943e+01   3.1209600e+02
   2.3087443e+01   3.1654400e+02
   2.3099943e+01   3.2127800e+02
   2.3112443e+01   3.2174500e+02
   2.3124943e+01   3.2174500e+02
   2.3137443e+01   3.2851200e+02
   2.3149943e+01   3.3036300e+02
   2.3162443e+01   3.3277300e+02
   2.3174943e+01   3.3045400e+02
   2.3187443e+01   3.3416900e+02
   2.3199943e+01   3.3648500e+02
   2.3212443e+01   3.3695200e+02
   2.3224943e+01   3.3741600e+02
   2.3237443e+01   3.4240800e+02
   2.3249943e+01   3.4287500e+02
   2.3262443e+01   3.4426500e+02
   2.3274943e+01   3.4194300e+02
   2.3287443e+01   3.4426500e+02
   2.3299943e+01   3.4565500e+02
   2.3312443e+01   3.4612000e+02
   2.3324943e+01   3.4472900e+02
   2.3337443e+01   3.4890000e+02
   2.3349943e+01   3.4797700e+02
   2.3362443e+01   3.5055900e+02
   2.3374943e+01   3.4843300e+02
   2.3387443e+01   3.5102600e+02
   2.3399943e+01   3.5102600e+02
   2.3412443e+01   3.5029600e+02
   2.3424943e+01   3.5009800e+02
   2.3437443e+01   3.5241600e+02
   2.3449943e+01   3.5148500e+02
   2.3462443e+01   3.5250400e+02
   2.3474943e+01   3.4936700e+02
   2.3487443e+01   3.5343000e+02
   2.3499943e+01   3.5241600e+02
   2.3512443e+01   3.5241600e+02
   2.3524943e+01   3.5148500e+02
   2.3537443e+01   3.5621000e+02
   2.3549943e+01   3.5435300e+02
   2.3562443e+01   3.5482000e+02
   2.3574943e+01   3.5029600e+02
   2.3587443e+01   3.5343000e+02
   2.3599943e+01   3.5343000e+02
   2.3612443e+01   3.5241600e+02
   2.3624943e+01   3.5055900e+02
   2.3637443e+01   3.5250400e+02
   2.3649943e+01   3.5333900e+02
   2.3662443e+01   3.5333900e+02
   2.3674943e+01   3.4843300e+02
   2.3687443e+01   3.5122200e+02
   2.3699943e+01   3.5102600e+02
   2.3712443e+01   3.4751000e+02
   2.3724943e+01   3.4240800e+02
   2.3737443e+01   3.4565500e+02
   2.3749943e+01   3.4380400e+02
   2.3762443e+01   3.4287500e+02
   2.3774943e+01   3.3788100e+02
   2.3787443e+01   3.3880900e+02
   2.3799943e+01   3.3648500e+02
   2.3812443e+01   3.3138600e+02
   2.3824943e+01   3.2730900e+02
   2.3837443e+01   3.2897300e+02
   2.3849943e+01   3.2545700e+02
   2.3862443e+01   3.2360200e+02
   2.3874943e+01   3.1709900e+02
   2.3887443e+01   3.1747500e+02
   2.3899943e+01   3.1348900e+02
   2.3912443e+01   3.0884900e+02
   2.3924943e+01   3.0291100e+02
   2.3937443e+01   3.0059200e+02
   2.3949943e+01   2.9686900e+02
   2.3962443e+01   2.9641100e+02
   2.3974943e+01   2.8814600e+02
   2.3987443e+01   2.8675000e+02
   2.3999943e+01   2.8173300e+02
   2.4012443e+01   2.7662000e+02
   2.4024943e+01   2.6955600e+02
   2.4037443e+01   2.6695400e+02
   2.4049943e+01   2.6044200e+02
   2.4062443e+01   2.5681500e+02
   2.4074943e+01   2.4648700e+02
   2.4087443e+01   2.4341700e+02
   2.4099943e+01   2.3680600e+02
   2.4112443e+01   2.2953600e+02
   2.4124943e+01   2.2077800e+02
   2.4137443e+01   2.1612400e+02
   2.4149943e+01   2.0968300e+02
   2.4162443e+01   2.0213700e+02
   2.4174943e+01   1.9345600e+02
   2.4187443e+01   1.8747700e+02
   2.4199943e+01   1.7898900e+02
   2.4212443e+01   1.6936800e+02
   2.4224943e+01   1.5730700e+02
   2.4237443e+01   1.5272000e+02
   2.4249943e+01   1.4421700e+02
   2.4262443e+01   1.3644800e+02
   2.4274943e+01   1.2250700e+02
   2.4287443e+01   1.1649600e+02
   2.4299943e+01   1.0815000e+02
   2.4312443e+01   9.5893000e+01
   2.4324943e+01   8.3956300e+01
   2.4337443e+01   7.8344600e+01
   2.4349943e+01   6.8571000e+01
   2.4362443e+01   5.9270200e+01
   2.4374943e+01   4.3870800e+01
   2.4387443e+01   3.5017400e+01
   2.4399943e+01   2.5224000e+01
   2.4412443e+01   1.2149100e+01
   2.4424943e+01  -4.2214500e+00
   2.4437443e+01  -9.3404300e+00
   2.4449943e+01  -2.4318000e+01
   2.4462443e+01  -3.5082500e+01
   2.4474943e+01  -5.2421300e+01
   2.4487443e+01  -6.1790100e+01
   2.4499943e+01  -7.3976000e+01
   2.4512443e+01  -8.8169200e+01
   2.4524943e+01  -1.0272800e+02
   2.4537443e+01  -1.1211900e+02
   2.4549943e+01  -1.2433600e+02
   2.4562443e+01  -1.4397400e+02
   2.4574943e+01  -1.5432500e+02
   2.4587443e+01  -1.6327500e+02
   2.4599943e+01  -1.7740900e+02
   2.4612443e+01  -1.9155900e+02
   2.4624943e+01  -2.0996000e+02
   2.4637443e+01  -2.1610100e+02
   2.4649943e+01  -2.2980200e+02
   2.4662443e+01  -2.4634800e+02
   2.4674943e+01  -2.5675000e+02
   2.4687443e+01  -2.6573900e+02
   2.4699943e+01  -2.7663100e+02
   2.4712443e+01  -2.8906900e+02
   2.4725043e+01  -3.0281200e+02
   2.4737443e+01  -3.0649300e+02
   2.4749943e+01  -3.1693200e+02
   2.4762443e+01  -3.2927600e+02
   2.4774943e+01  -3.3698600e+02
   2.4787443e+01  -3.4067500e+02
   2.4799943e+01  -3.4778700e+02
   2.4812443e+01  -3.5123300e+02
   2.4825043e+01  -3.5920000e+02
   2.4837443e+01  -3.5885200e+02
   2.4849943e+01  -3.6264900e+02
   2.4862443e+01  -3.6918900e+02
   2.4874943e+01  -3.6966700e+02
   2.4887443e+01  -3.6681400e+02
   2.4899943e+01  -3.6728900e+02
   2.4912443e+01  -3.7014300e+02
   2.4924943e+01  -3.7263800e+02
   2.4937443e+01  -3.6776800e+02
   2.4949943e+01  -3.6349800e+02
   2.4962443e+01  -3.6587100e+02
   2.4974943e+01  -3.6349800e+02
   2.4987443e+01  -3.5588200e+02
   2.4999943e+01  -3.5160900e+02
   2.5012443e+01  -3.4541500e+02
   2.5024943e+01  -3.3925400e+02
   2.5037443e+01  -3.2927600e+02
   2.5049943e+01  -3.1930200e+02
   2.5062443e+01  -3.1420000e+02
   2.5074943e+01  -3.0744100e+02
   2.5087443e+01  -2.9369300e+02
   2.5099943e+01  -2.8610500e+02
   2.5112443e+01  -2.7864400e+02
   2.5124943e+01  -2.7426400e+02
   2.5137443e+01  -2.6290000e+02
   2.5149943e+01  -2.5355300e+02
   2.5162443e+01  -2.5012500e+02
   2.5174943e+01  -2.4267300e+02
   2.5187443e+01  -2.3310300e+02
   2.5199943e+01  -2.2790500e+02
   2.5212443e+01  -2.2128800e+02
   2.5224943e+01  -2.2047300e+02
   2.5237443e+01  -2.1184800e+02
   2.5249943e+01  -2.0193600e+02
   2.5262443e+01  -1.9768600e+02
   2.5274943e+01  -1.9439100e+02
   2.5287443e+01  -1.8413000e+02
   2.5299943e+01  -1.7740900e+02
   2.5312443e+01  -1.6893200e+02
   2.5324943e+01  -1.6563300e+02
   2.5337443e+01  -1.5857200e+02
   2.5349943e+01  -1.4832800e+02
   2.5362443e+01  -1.4538400e+02
   2.5374943e+01  -1.3737700e+02
   2.5387443e+01  -1.2703400e+02
   2.5399943e+01  -1.1951700e+02
   2.5412443e+01  -1.1211900e+02
   2.5424943e+01  -1.0965300e+02
   2.5437443e+01  -1.0084800e+02
   2.5449943e+01  -9.2266100e+01
   2.5462443e+01  -8.6646000e+01
   2.5474943e+01  -8.1943200e+01
   2.5487443e+01  -7.0216000e+01
   2.5499943e+01  -6.4137200e+01
   2.5512443e+01  -5.7087300e+01
   2.5524943e+01  -5.3358500e+01
   2.5537443e+01  -4.4904300e+01
   2.5549943e+01  -3.6956800e+01
   2.5562443e+01  -3.2876900e+01
   2.5574943e+01  -2.7605100e+01
   2.5587443e+01  -1.6373400e+01
   2.5599943e+01  -1.3561900e+01
   2.5612443e+01  -8.0776700e+00
   2.5624943e+01  -6.2061900e+00
   2.5637443e+01   1.4071500e+00
   2.5649943e+01   7.9304500e+00
   2.5662443e+01   8.8647700e+00
   2.5674943e+01   1.4340500e+01
   2.5687443e+01   2.6011100e+01
   2.5699943e+01   3.0331600e+01
   2.5712443e+01   3.3145900e+01
   2.5724943e+01   3.4550200e+01
   2.5737443e+01   4.1999400e+01
   2.5749943e+01   4.5275200e+01
   2.5762443e+01   4.5742300e+01
   2.5774943e+01   4.9335200e+01
   2.5787443e+01   5.9270200e+01
   2.5799943e+01   6.1453200e+01
   2.5812443e+01   6.4828100e+01
   2.5824943e+01   6.3321800e+01
   2.5837443e+01   7.0445300e+01
   2.5849943e+01   7.4026900e+01
   2.5862443e+01   7.4026900e+01
   2.5874943e+01   7.6470300e+01
   2.5887443e+01   8.3491900e+01
   2.5899943e+01   8.3797700e+01
   2.5912443e+01   8.5360600e+01
   2.5924943e+01   8.2551900e+01
   2.5937443e+01   8.7067900e+01
   2.5949943e+01   8.7634100e+01
   2.5962443e+01   8.5663500e+01
   2.5974943e+01   8.5663500e+01
   2.5987443e+01   9.0442700e+01
   2.5999943e+01   8.9975600e+01
   2.6012443e+01   8.9975600e+01
   2.6024943e+01   8.6130700e+01
   2.6037443e+01   8.6235500e+01
   2.6049943e+01   8.7532200e+01
   2.6062443e+01   8.2551900e+01
   2.6074943e+01   8.0213300e+01
   2.6087443e+01   8.4893400e+01
   2.6099943e+01   8.2551900e+01
   2.6112443e+01   8.0213300e+01
   2.6124943e+01   7.6940300e+01
   2.6137443e+01   7.8344600e+01
   2.6149943e+01   7.7874600e+01
   2.6162443e+01   7.5536000e+01
   2.6174943e+01   7.3559800e+01
   2.6187443e+01   7.5901200e+01
   2.6199943e+01   7.3092600e+01
   2.6212443e+01   7.1385300e+01
   2.6224943e+01   6.7172400e+01
   2.6237443e+01   6.8571000e+01
   2.6249943e+01   6.6699500e+01
   2.6262443e+01   6.4363700e+01
   2.6274943e+01   6.0201700e+01
   2.6287443e+01   6.2384700e+01
   2.6299943e+01   5.8803100e+01
   2.6312443e+01   5.7863100e+01
   2.6324943e+01   5.1671100e+01
   2.6337443e+01   4.9018100e+01
   2.6349943e+01   4.8086600e+01
   2.6362443e+01   4.3870800e+01
   2.6374943e+01   4.0484600e+01
   2.6387443e+01   4.1999400e+01
   2.6399943e+01   3.7206000e+01
   2.6412443e+01   3.4083100e+01
   2.6424943e+01   2.6164000e+01
   2.6437443e+01   2.7418200e+01
   2.6449943e+01   2.2415300e+01
   2.6462443e+01   1.8661000e+01
   2.6474943e+01   1.5849600e+01
   2.6487443e+01   1.7262400e+01
   2.6499943e+01   1.2616200e+01
   2.6512443e+01   1.0741900e+01
   2.6524943e+01   4.5357300e+00
   2.6537443e+01   4.2186200e+00
   2.6549943e+01   3.1370700e+00
   2.6562443e+01  -1.4043200e+00
   2.6574943e+01  -7.1433500e+00
   2.6587443e+01  -3.7514600e+00
   2.6599943e+01  -7.1433500e+00
   2.6612443e+01  -1.4037500e+01
   2.6624943e+01  -1.5439000e+01
   2.6637443e+01  -1.4971900e+01
   2.6649943e+01  -1.7426600e+01
   2.6662443e+01  -2.1970800e+01
   2.6674943e+01  -2.2910800e+01
   2.6687443e+01  -2.4318000e+01
   2.6699943e+01  -2.7129400e+01
   2.6712443e+01  -3.2259700e+01
   2.6724943e+01  -3.5082500e+01
   2.6737443e+01  -3.2729700e+01
   2.6749943e+01  -3.5082500e+01
   2.6762443e+01  -3.7896800e+01
   2.6774943e+01  -4.1291500e+01
   2.6787443e+01  -3.8366800e+01
   2.6799943e+01  -4.0824400e+01
   2.6812443e+01  -4.7254200e+01
   2.6824943e+01  -4.6317100e+01
   2.6837543e+01  -4.3171500e+01
   2.6849943e+01  -4.4108700e+01
   2.6862443e+01  -4.5849900e+01
   2.6874943e+01  -4.4581500e+01
   2.6887443e+01  -4.0714000e+01
   2.6899943e+01  -3.7896800e+01
   2.6912443e+01  -3.8366800e+01
   2.6924943e+01  -3.6956800e+01
   2.6937443e+01  -3.1467000e+01
   2.6949943e+01  -3.1467000e+01
   2.6962443e+01  -2.9587000e+01
   2.6974943e+01  -2.6195100e+01
   2.6987443e+01  -2.2438000e+01
   2.6999943e+01  -1.9770900e+01
   2.7012443e+01  -2.3380800e+01
   2.7024943e+01  -2.0566500e+01
   2.7037443e+01  -1.5909000e+01
   2.7049943e+01  -1.3561900e+01
   2.7062443e+01  -1.2624700e+01
   2.7074943e+01  -1.1684700e+01
   2.7087443e+01  -6.2061900e+00
   2.7099943e+01  -4.2214500e+00
   2.7112443e+01  -8.0776700e+00
   2.7124943e+01  -6.2061900e+00
   2.7137443e+01   0.0000000e+00
   2.7149943e+01   2.3471400e+00
   2.7162443e+01   2.6614100e+00
   2.7174943e+01   5.1161400e+00
   2.7187443e+01   1.1679100e+01
   2.7199943e+01   1.3876200e+01
   2.7212443e+01   1.6214800e+01
   2.7224943e+01   2.1942500e+01
   2.7237443e+01   3.0331600e+01
   2.7249943e+01   3.4550200e+01
   2.7262443e+01   3.9550300e+01
   2.7274943e+01   4.3398000e+01
   2.7287443e+01   5.2245800e+01
   2.7299943e+01   5.7393100e+01
   2.7312443e+01   5.9270200e+01
   2.7324943e+01   6.7172400e+01
   2.7337443e+01   7.5066000e+01
   2.7349943e+01   8.1150500e+01
   2.7362443e+01   8.3956300e+01
   2.7374943e+01   8.6603500e+01
   2.7387443e+01   9.3251400e+01
   2.7399943e+01   9.7767300e+01
   2.7412443e+01   9.6524400e+01
   2.7424943e+01   9.9732200e+01
   2.7437443e+01   1.0674800e+02
   2.7449943e+01   1.0985100e+02
   2.7462443e+01   1.1031800e+02
   2.7474943e+01   1.0985100e+02
   2.7487443e+01   1.1416000e+02
   2.7499943e+01   1.1789500e+02
   2.7512443e+01   1.1322600e+02
   2.7524943e+01   1.1602900e+02
   2.7537443e+01   1.1976900e+02
   2.7549943e+01   1.1929900e+02
   2.7562443e+01   1.1789500e+02
   2.7574943e+01   1.1649600e+02
   2.7587443e+01   1.2203700e+02
   2.7599943e+01   1.2297100e+02
   2.7612443e+01   1.1976900e+02
   2.7624943e+01   1.2157300e+02
   2.7637443e+01   1.2484300e+02
   2.7649943e+01   1.2717600e+02
   2.7662443e+01   1.2717600e+02
   2.7674943e+01   1.2624400e+02
   2.7687443e+01   1.2904200e+02
   2.7699943e+01   1.3214200e+02
   2.7712443e+01   1.2997900e+02
   2.7724943e+01   1.2904200e+02
   2.7737443e+01   1.3598400e+02
   2.7749943e+01   1.3551400e+02
   2.7762443e+01   1.3504700e+02
   2.7774943e+01   1.3644800e+02
   2.7787443e+01   1.3831700e+02
   2.7799943e+01   1.4188200e+02
   2.7812443e+01   1.3971600e+02
   2.7824943e+01   1.4111400e+02
   2.7837443e+01   1.4711700e+02
   2.7849943e+01   1.4851800e+02
   2.7862443e+01   1.4468200e+02
   2.7874943e+01   1.4421700e+02
   2.7887443e+01   1.4804500e+02
   2.7899943e+01   1.4758100e+02
   2.7912443e+01   1.4421700e+02
   2.7924943e+01   1.4375000e+02
   2.7937443e+01   1.4758100e+02
   2.7949943e+01   1.4665000e+02
   2.7962443e+01   1.4571200e+02
   2.7974943e+01   1.4141700e+02
   2.7987443e+01   1.4281300e+02
   2.7999943e+01   1.4281300e+02
   2.8012443e+01   1.3738000e+02
   2.8024943e+01   1.3364800e+02
   2.8037443e+01   1.3457700e+02
   2.8049943e+01   1.3354600e+02
   2.8062443e+01   1.3167500e+02
   2.8074943e+01   1.2810700e+02
   2.8087443e+01   1.2670600e+02
   2.8099943e+01   1.2297100e+02
   2.8112443e+01   1.1789500e+02
   2.8124943e+01   1.1602900e+02
   2.8137443e+01   1.1696100e+02
   2.8149943e+01   1.1369600e+02
   2.8162443e+01   1.1136000e+02
   2.8174943e+01   1.0627500e+02
   2.8187443e+01   1.0721000e+02
   2.8199943e+01   1.0534400e+02
   2.8212443e+01   1.0254400e+02
   2.8224943e+01   1.0113700e+02
   2.8237443e+01   1.0441000e+02
   2.8249943e+01   1.0207100e+02
   2.8262443e+01   9.7767300e+01
   2.8274943e+01   9.3715700e+01
   2.8287443e+01   9.4488700e+01
   2.8299943e+01   9.3715700e+01
   2.8312443e+01   8.9044100e+01
   2.8324943e+01   8.8005000e+01
   2.8337443e+01   8.9044100e+01
   2.8349943e+01   8.6235500e+01
   2.8362443e+01   8.1617600e+01
   2.8374943e+01   7.6940300e+01
   2.8387443e+01   7.6470300e+01
   2.8399943e+01   7.3559800e+01
   2.8412443e+01   6.5762400e+01
   2.8424943e+01   6.5295200e+01
   2.8437443e+01   6.3426600e+01
   2.8449943e+01   5.9270200e+01
   2.8462443e+01   5.3185800e+01
   2.8474943e+01   4.8551000e+01
   2.8487443e+01   4.7613800e+01
   2.8499943e+01   4.2930900e+01
   2.8512443e+01   3.6424600e+01
   2.8524943e+01   3.4550200e+01
   2.8537443e+01   3.5017400e+01
   2.8549943e+01   3.3145900e+01
   2.8562443e+01   2.9867300e+01
   2.8574943e+01   2.6636800e+01
   2.8587443e+01   2.6948200e+01
   2.8599943e+01   2.6636800e+01
   2.8612443e+01   2.3358100e+01
   2.8624943e+01   2.7885400e+01
   2.8637443e+01   2.9394500e+01
   2.8649943e+01   3.2203100e+01
   2.8662443e+01   2.8358200e+01
   2.8674943e+01   3.0331600e+01
   2.8687443e+01   3.6741700e+01
   2.8699943e+01   3.5954600e+01
   2.8712443e+01   3.8610300e+01
   2.8724943e+01   3.9652200e+01
   2.8737443e+01   4.4338000e+01
   2.8749943e+01   4.6673800e+01
   2.8762443e+01   4.4338000e+01
   2.8774943e+01   4.9335200e+01
   2.8787443e+01   5.6925900e+01
   2.8799943e+01   5.5994400e+01
   2.8812443e+01   5.7863100e+01
   2.8824943e+01   6.2851800e+01
   2.8837443e+01   6.8101000e+01
   2.8849943e+01   7.2322500e+01
   2.8862443e+01   7.2322500e+01
   2.8874943e+01   7.6003200e+01
   2.8887443e+01   8.6603500e+01
   2.8899943e+01   8.9511300e+01
   2.8912443e+01   9.3251400e+01
   2.8924943e+01   9.9168800e+01
   2.8937443e+01   1.0721000e+02
   2.8949943e+01   1.1509800e+02
   2.8962443e+01   1.1649600e+02
   2.8974943e+01   1.2250700e+02
   2.8987443e+01   1.3411300e+02
   2.8999943e+01   1.3691300e+02
   2.9012443e+01   1.4018900e+02
   2.9024943e+01   1.4571200e+02
   2.9037443e+01   1.5085100e+02
   2.9049943e+01   1.5637800e+02
   2.9062443e+01   1.5637800e+02
   2.9074943e+01   1.6151100e+02
   2.9087443e+01   1.7170100e+02
   2.9099943e+01   1.7851900e+02
   2.9112443e+01   1.8281600e+02
   2.9124943e+01   1.8794100e+02
   2.9137443e+01   1.9718200e+02
   2.9149943e+01   2.0259900e+02
   2.9162443e+01   2.0119700e+02
   2.9174943e+01   2.0502500e+02
   2.9187443e+01   2.1229900e+02
   2.9199943e+01   2.1323300e+02
   2.9212443e+01   2.1247700e+02
   2.9224943e+01   2.1565400e+02
   2.9237443e+01   2.2124600e+02
   2.9249943e+01   2.2385600e+02
   2.9262443e+01   2.2124600e+02
   2.9274943e+01   2.2525200e+02
   2.9287443e+01   2.3186600e+02
   2.9299943e+01   2.3540800e+02
   2.9312443e+01   2.3559500e+02
   2.9324943e+01   2.3922400e+02
   2.9337443e+01   2.4341700e+02
   2.9349943e+01   2.4573900e+02
   2.9362443e+01   2.4620600e+02
   2.9374943e+01   2.4890400e+02
   2.9387443e+01   2.5449300e+02
   2.9399943e+01   2.5774700e+02
   2.9412443e+01   2.5727900e+02
   2.9424943e+01   2.5942000e+02
   2.9437443e+01   2.6230200e+02
   2.9450043e+01   2.6648400e+02
   2.9462443e+01   2.6230200e+02
   2.9474943e+01   2.6276900e+02
   2.9487443e+01   2.6955600e+02
   2.9499943e+01   2.7002000e+02
   2.9512443e+01   2.6742100e+02
   2.9524943e+01   2.6927800e+02
   2.9537443e+01   2.7141600e+02
   2.9549943e+01   2.7383700e+02
   2.9562443e+01   2.7002000e+02
   2.9574943e+01   2.7021000e+02
   2.9587443e+01   2.7708700e+02
   2.9599943e+01   2.7662000e+02
   2.9612443e+01   2.7476300e+02
   2.9624943e+01   2.7383700e+02
   2.9637443e+01   2.7662000e+02
   2.9649943e+01   2.8033700e+02
   2.9662443e+01   2.7616100e+02
   2.9674943e+01   2.7662000e+02
   2.9687443e+01   2.8489000e+02
   2.9699943e+01   2.8489000e+02
   2.9712443e+01   2.8127500e+02
   2.9724943e+01   2.8535400e+02
   2.9737443e+01   2.8767900e+02
   2.9749943e+01   2.9000100e+02
   2.9762443e+01   2.8581600e+02
   2.9774943e+01   2.8628300e+02
   2.9787443e+01   2.9186400e+02
   2.9799943e+01   2.9278900e+02
   2.9812443e+01   2.9000100e+02
   2.9824943e+01   2.8953900e+02
   2.9837443e+01   2.9093500e+02
   2.9849943e+01   2.9538600e+02
   2.9862443e+01   2.8953900e+02
   2.9874943e+01   2.9186400e+02
   2.9887443e+01   2.9686900e+02
   2.9899943e+01   2.9585300e+02
   2.9912443e+01   2.9446000e+02
   2.9924943e+01   2.9446000e+02
   2.9937443e+01   2.9686900e+02
   2.9949943e+01   2.9919400e+02
   2.9962443e+01   2.9686900e+02
   2.9974943e+01   2.9594300e+02
